180000 997 1049 
180001 1000 1053 
180002 1005 1056 
180003 1007 1056 
180004 1004 1055 
180005 998 1053 
180006 992 1054 
180007 986 1056 
180008 980 1058 
180009 975 1057 
180010 973 1054 
180011 965 1055 
180012 957 1055 
180013 953 1055 
180014 952 1060 
180015 952 1060 
180016 951 1058 
180017 949 1056 
180018 947 1057 
180019 946 1058 
180020 948 1059 
180021 949 1058 
180022 950 1056 
180023 947 1054 
180024 946 1054 
180025 946 1057 
180026 950 1059 
180027 952 1057 
180028 950 1056 
180029 950 1053 
180030 948 1052 
180031 949 1055 
180032 951 1058 
180033 952 1055 
180034 951 1056 
180035 949 1053 
180036 946 1054 
180037 948 1053 
180038 950 1057 
180039 951 1056 
180040 952 1054 
180041 950 1051 
180042 949 1053 
180043 949 1053 
180044 949 1058 
180045 950 1056 
180046 951 1053 
180047 949 1051 
180048 945 1053 
180049 945 1055 
180050 950 1055 
180051 951 1054 
180052 951 1053 
180053 950 1052 
180054 949 1053 
180055 952 1056 
180056 954 1055 
180057 957 1053 
180058 957 1054 
180059 955 1054 
180060 954 1053 
180061 957 1057 
180062 958 1059 
180063 957 1061 
180064 953 1061 
180065 952 1063 
180066 944 1066 
180067 945 1073 
180068 943 1081 
180069 946 1081 
180070 954 1080 
180071 967 1074 
180072 987 1065 
180073 1016 1055 
180074 1045 1039 
180075 1067 1020 
180076 1089 999 
180077 1102 979 
180078 1124 956 
180079 1152 929 
180080 1184 895 
180081 1213 859 
180082 1239 827 
180083 1261 800 
180084 1277 791 
180085 1290 789 
180086 1295 788 
180087 1299 790 
180088 1295 795 
180089 1290 798 
180090 1275 813 
180091 1255 829 
180092 1223 843 
180093 1188 859 
180094 1156 874 
180095 1128 884 
180096 1098 896 
180097 1070 911 
180098 1037 924 
180099 999 937 
180100 959 945 
180101 924 954 
180102 894 964 
180103 870 972 
180104 850 981 
180105 836 989 
180106 825 993 
180107 816 997 
180108 811 1005 
180109 817 1013 
180110 821 1018 
180111 824 1024 
180112 824 1030 
180113 826 1035 
180114 827 1042 
180115 835 1049 
180116 846 1056 
180117 853 1063 
180118 857 1066 
180119 863 1072 
180120 861 1076 
180121 869 1081 
180122 874 1087 
180123 880 1088 
180124 884 1091 
180125 890 1090 
180126 889 1093 
180127 890 1096 
180128 893 1099 
180129 895 1096 
180130 896 1097 
180131 894 1096 
180132 893 1098 
180133 895 1099 
180134 899 1099 
180135 901 1100 
180136 900 1097 
180137 896 1099 
180138 892 1097 
180139 892 1100 
180140 895 1104 
180141 892 1103 
180142 893 1102 
180143 889 1102 
180144 888 1103 
180145 888 1106 
180146 889 1107 
180147 889 1108 
180148 888 1108 
180149 887 1105 
180150 883 1109 
180151 883 1109 
180152 884 1112 
180153 885 1114 
180154 884 1113 
180155 882 1112 
180156 879 1111 
180157 881 1114 
180158 883 1117 
180159 883 1117 
180160 883 1116 
180161 882 1114 
180162 880 1115 
180163 882 1114 
180164 886 1121 
180165 888 1117 
180166 889 1115 
180167 888 1115 
180168 889 1116 
180169 893 1116 
180170 897 1118 
180171 903 1116 
180172 903 1113 
180173 904 1111 
180174 907 1107 
180175 908 1110 
180176 914 1111 
180177 919 1109 
180178 924 1109 
180179 925 1103 
180180 926 1105 
180181 932 1103 
180182 935 1105 
180183 941 1103 
180184 940 1100 
180185 943 1097 
180186 944 1096 
180187 946 1096 
180188 951 1096 
180189 954 1096 
180190 958 1092 
180191 959 1087 
180192 958 1089 
180193 960 1088 
180194 963 1087 
180195 971 1086 
180196 972 1082 
180197 975 1077 
180198 972 1077 
180199 976 1077 
180200 980 1078 
180201 981 1080 
180202 981 1073 
180203 978 1070 
180204 982 1068 
180205 984 1070 
180206 987 1071 
180207 989 1067 
180208 990 1065 
180209 988 1060 
180210 985 1059 
180211 987 1059 
180212 986 1062 
180213 986 1060 
180214 985 1059 
180215 985 1057 
180216 981 1055 
180217 983 1056 
180218 988 1060 
180219 986 1060 
180220 986 1058 
180221 984 1057 
180222 981 1058 
180223 985 1060 
180224 986 1061 
180225 987 1062 
180226 987 1060 
180227 986 1058 
180228 983 1058 
180229 981 1058 
180230 979 1059 
180231 979 1057 
180232 976 1054 
180233 976 1052 
180234 972 1051 
180235 971 1056 
180236 975 1057 
180237 981 1054 
180238 982 1055 
180239 981 1054 
180240 978 1052 
180241 978 1056 
180242 982 1057 
180243 985 1056 
180244 985 1055 
180245 981 1055 
180246 980 1057 
180247 981 1059 
180248 980 1062 
180249 981 1056 
180250 983 1057 
180251 982 1054 
180252 983 1056 
180253 984 1060 
180254 983 1064 
180255 981 1064 
180256 976 1063 
180257 966 1062 
180258 961 1060 
180259 958 1062 
180260 953 1064 
180261 949 1065 
180262 943 1064 
180263 939 1064 
180264 933 1062 
180265 933 1064 
180266 934 1067 
180267 933 1065 
180268 933 1061 
180269 931 1063 
180270 927 1059 
180271 927 1062 
180272 930 1063 
180273 931 1063 
180274 931 1061 
180275 931 1058 
180276 928 1060 
180277 931 1060 
180278 934 1060 
180279 935 1060 
180280 935 1060 
180281 936 1057 
180282 934 1055 
180283 934 1060 
180284 936 1061 
180285 938 1060 
180286 935 1058 
180287 935 1058 
180288 932 1056 
180289 935 1057 
180290 936 1060 
180291 937 1060 
180292 936 1057 
180293 936 1055 
180294 934 1057 
180295 935 1055 
180296 937 1059 
180297 941 1057 
180298 940 1058 
180299 937 1052 
180300 936 1058 
180301 939 1057 
180302 940 1059 
180303 942 1058 
180304 942 1060 
180305 940 1055 
180306 937 1056 
180307 937 1057 
180308 939 1057 
180309 941 1056 
180310 942 1058 
180311 941 1058 
180312 938 1061 
180313 938 1065 
180314 938 1073 
180315 941 1074 
180316 939 1079 
180317 939 1082 
180318 942 1085 
180319 956 1083 
180320 982 1073 
180321 1010 1064 
180322 1036 1048 
180323 1063 1033 
180324 1080 1009 
180325 1094 994 
180326 1110 983 
180327 1130 963 
180328 1153 934 
180329 1174 906 
180330 1195 872 
180331 1219 845 
180332 1239 824 
180333 1251 814 
180334 1255 807 
180335 1251 811 
180336 1247 813 
180337 1245 824 
180338 1235 837 
180339 1217 846 
180340 1190 857 
180341 1156 871 
180342 1129 886 
180343 1108 899 
180344 1090 911 
180345 1067 923 
180346 1038 935 
180347 1007 939 
180348 967 951 
180349 937 960 
180350 910 972 
180351 888 976 
180352 866 983 
180353 843 989 
180354 829 997 
180355 820 1004 
180356 819 1013 
180357 819 1016 
180358 819 1019 
180359 821 1020 
180360 819 1028 
180361 820 1039 
180362 825 1044 
180363 830 1048 
180364 836 1053 
180365 843 1055 
180366 848 1064 
180367 853 1068 
180368 860 1075 
180369 867 1077 
180370 868 1078 
180371 872 1083 
180372 875 1086 
180373 881 1091 
180374 887 1091 
180375 891 1090 
180376 891 1090 
180377 891 1090 
180378 891 1092 
180379 890 1093 
180380 894 1096 
180381 893 1094 
180382 890 1094 
180383 889 1092 
180384 890 1092 
180385 889 1091 
180386 893 1095 
180387 893 1096 
180388 892 1095 
180389 890 1094 
180390 888 1094 
180391 889 1097 
180392 890 1098 
180393 893 1098 
180394 891 1100 
180395 889 1096 
180396 886 1097 
180397 888 1101 
180398 889 1106 
180399 891 1103 
180400 887 1104 
180401 887 1101 
180402 885 1102 
180403 887 1105 
180404 887 1104 
180405 890 1109 
180406 889 1105 
180407 888 1103 
180408 887 1103 
180409 887 1105 
180410 892 1107 
180411 893 1108 
180412 893 1106 
180413 892 1106 
180414 892 1107 
180415 891 1107 
180416 897 1109 
180417 897 1108 
180418 898 1106 
180419 899 1104 
180420 900 1102 
180421 902 1103 
180422 905 1103 
180423 909 1104 
180424 910 1102 
180425 911 1101 
180426 911 1100 
180427 917 1100 
180428 920 1101 
180429 927 1100 
180430 929 1097 
180431 932 1097 
180432 931 1095 
180433 936 1097 
180434 940 1097 
180435 944 1095 
180436 948 1092 
180437 949 1091 
180438 953 1090 
180439 953 1090 
180440 956 1093 
180441 961 1092 
180442 964 1089 
180443 965 1085 
180444 966 1082 
180445 969 1080 
180446 974 1081 
180447 977 1080 
180448 979 1079 
180449 978 1077 
180450 977 1076 
180451 978 1073 
180452 983 1075 
180453 987 1073 
180454 987 1070 
180455 986 1068 
180456 985 1065 
180457 984 1065 
180458 984 1067 
180459 988 1063 
180460 990 1063 
180461 986 1058 
180462 984 1055 
180463 985 1058 
180464 988 1059 
180465 989 1059 
180466 989 1056 
180467 986 1053 
180468 986 1053 
180469 987 1054 
180470 988 1055 
180471 990 1055 
180472 988 1055 
180473 986 1050 
180474 984 1052 
180475 987 1056 
180476 990 1055 
180477 990 1054 
180478 990 1054 
180479 988 1051 
180480 987 1053 
180481 988 1052 
180482 990 1057 
180483 988 1053 
180484 992 1054 
180485 988 1050 
180486 985 1048 
180487 985 1049 
180488 987 1053 
180489 986 1053 
180490 986 1049 
180491 984 1047 
180492 983 1047 
180493 985 1050 
180494 988 1052 
180495 988 1051 
180496 990 1050 
180497 987 1048 
180498 986 1049 
180499 986 1051 
180500 988 1054 
180501 991 1053 
180502 990 1049 
180503 988 1047 
180504 986 1050 
180505 987 1050 
180506 988 1052 
180507 992 1053 
180508 990 1051 
180509 990 1049 
180510 991 1045 
180511 993 1050 
180512 995 1052 
180513 995 1056 
180514 992 1055 
180515 986 1057 
180516 978 1053 
180517 975 1056 
180518 971 1058 
180519 972 1057 
180520 965 1058 
180521 959 1054 
180522 954 1057 
180523 952 1062 
180524 952 1062 
180525 951 1062 
180526 950 1061 
180527 948 1058 
180528 946 1057 
180529 944 1060 
180530 945 1059 
180531 947 1060 
180532 947 1056 
180533 945 1054 
180534 943 1055 
180535 944 1058 
180536 947 1059 
180537 947 1058 
180538 947 1059 
180539 941 1054 
180540 942 1056 
180541 945 1058 
180542 947 1059 
180543 949 1057 
180544 950 1055 
180545 948 1054 
180546 947 1053 
180547 950 1053 
180548 951 1055 
180549 952 1055 
180550 954 1054 
180551 953 1052 
180552 952 1049 
180553 951 1055 
180554 955 1055 
180555 956 1054 
180556 956 1052 
180557 953 1049 
180558 954 1050 
180559 956 1052 
180560 955 1056 
180561 958 1055 
180562 958 1054 
180563 957 1052 
180564 956 1050 
180565 956 1052 
180566 961 1054 
180567 961 1053 
180568 962 1049 
180569 962 1048 
180570 960 1048 
180571 960 1050 
180572 962 1053 
180573 965 1054 
180574 963 1052 
180575 960 1051 
180576 959 1055 
180577 955 1061 
180578 951 1067 
180579 950 1070 
180580 948 1075 
180581 948 1075 
180582 951 1076 
180583 966 1075 
180584 985 1070 
180585 1013 1058 
180586 1037 1044 
180587 1059 1023 
180588 1075 1005 
180589 1090 991 
180590 1106 979 
180591 1129 949 
180592 1154 920 
180593 1178 885 
180594 1198 855 
180595 1219 829 
180596 1238 812 
180597 1251 803 
180598 1257 799 
180599 1256 797 
180600 1255 800 
180601 1254 811 
180602 1247 823 
180603 1237 834 
180604 1215 843 
180605 1185 855 
180606 1157 869 
180607 1134 883 
180608 1120 896 
180609 1100 908 
180610 1076 918 
180611 1046 925 
180612 1013 935 
180613 980 945 
180614 952 956 
180615 926 963 
180616 902 972 
180617 879 975 
180618 863 981 
180619 852 991 
180620 844 998 
180621 843 1001 
180622 840 1006 
180623 837 1008 
180624 840 1012 
180625 842 1020 
180626 845 1027 
180627 847 1033 
180628 849 1037 
180629 853 1041 
180630 857 1045 
180631 867 1052 
180632 876 1058 
180633 881 1064 
180634 882 1067 
180635 887 1072 
180636 885 1073 
180637 891 1080 
180638 897 1084 
180639 903 1085 
180640 906 1084 
180641 908 1086 
180642 908 1089 
180643 910 1091 
180644 913 1092 
180645 916 1092 
180646 919 1091 
180647 914 1091 
180648 912 1090 
180649 911 1092 
180650 915 1094 
180651 916 1094 
180652 914 1093 
180653 910 1092 
180654 908 1090 
180655 906 1096 
180656 907 1099 
180657 908 1097 
180658 905 1097 
180659 903 1097 
180660 902 1096 
180661 902 1098 
180662 903 1099 
180663 905 1101 
180664 901 1101 
180665 899 1099 
180666 901 1102 
180667 901 1103 
180668 901 1108 
180669 904 1107 
180670 903 1107 
180671 901 1104 
180672 899 1104 
180673 900 1107 
180674 902 1111 
180675 904 1109 
180676 903 1107 
180677 903 1106 
180678 902 1108 
180679 901 1110 
180680 904 1112 
180681 906 1112 
180682 907 1112 
180683 906 1112 
180684 905 1110 
180685 910 1109 
180686 911 1113 
180687 914 1111 
180688 914 1111 
180689 919 1107 
180690 917 1108 
180691 922 1110 
180692 924 1112 
180693 926 1110 
180694 927 1109 
180695 929 1105 
180696 928 1105 
180697 930 1106 
180698 936 1108 
180699 940 1107 
180700 943 1104 
180701 942 1101 
180702 944 1099 
180703 947 1100 
180704 953 1101 
180705 954 1098 
180706 957 1098 
180707 959 1094 
180708 959 1094 
180709 964 1092 
180710 970 1094 
180711 975 1092 
180712 976 1091 
180713 978 1084 
180714 977 1085 
180715 979 1088 
180716 986 1088 
180717 988 1084 
180718 990 1082 
180719 994 1077 
180720 990 1075 
180721 993 1075 
180722 998 1075 
180723 1002 1074 
180724 1002 1070 
180725 1004 1069 
180726 1002 1067 
180727 1004 1067 
180728 1008 1065 
180729 1010 1066 
180730 1007 1062 
180731 1005 1059 
180732 1006 1058 
180733 1005 1058 
180734 1006 1057 
180735 1008 1057 
180736 1009 1056 
180737 1004 1051 
180738 1000 1050 
180739 1001 1052 
180740 1004 1055 
180741 1004 1052 
180742 1000 1052 
180743 1001 1049 
180744 999 1048 
180745 997 1049 
180746 999 1050 
180747 1002 1052 
180748 1000 1051 
180749 999 1048 
180750 997 1050 
180751 1001 1050 
180752 1003 1055 
180753 1006 1056 
180754 1004 1055 
180755 1003 1054 
180756 1001 1054 
180757 1002 1056 
180758 1005 1057 
180759 1009 1055 
180760 1005 1053 
180761 1001 1053 
180762 998 1048 
180763 998 1050 
180764 999 1049 
180765 1000 1050 
180766 1003 1050 
180767 1004 1048 
180768 1004 1048 
180769 1006 1050 
180770 1009 1054 
180771 1011 1052 
180772 1007 1051 
180773 1004 1051 
180774 1002 1051 
180775 1004 1053 
180776 1003 1054 
180777 1003 1055 
180778 1001 1054 
180779 998 1053 
180780 998 1051 
180781 997 1053 
180782 1000 1053 
180783 1007 1053 
180784 1007 1053 
180785 1006 1054 
180786 1000 1054 
180787 1000 1054 
180788 997 1059 
180789 989 1057 
180790 987 1056 
180791 980 1055 
180792 974 1056 
180793 969 1058 
180794 966 1062 
180795 961 1060 
180796 959 1061 
180797 956 1058 
180798 955 1058 
180799 953 1060 
180800 958 1061 
180801 957 1059 
180802 957 1059 
180803 952 1056 
180804 951 1054 
180805 953 1057 
180806 953 1057 
180807 956 1057 
180808 956 1056 
180809 955 1055 
180810 954 1053 
180811 952 1055 
180812 953 1057 
180813 955 1056 
180814 955 1055 
180815 952 1052 
180816 951 1052 
180817 952 1054 
180818 955 1056 
180819 956 1054 
180820 959 1051 
180821 955 1051 
180822 954 1050 
180823 956 1052 
180824 958 1054 
180825 958 1053 
180826 960 1053 
180827 958 1052 
180828 957 1052 
180829 959 1053 
180830 961 1054 
180831 962 1053 
180832 963 1052 
180833 963 1049 
180834 961 1050 
180835 963 1049 
180836 964 1055 
180837 967 1052 
180838 965 1052 
180839 964 1049 
180840 965 1049 
180841 964 1050 
180842 964 1054 
180843 966 1056 
180844 963 1056 
180845 960 1059 
180846 953 1062 
180847 949 1070 
180848 948 1077 
180849 948 1077 
180850 955 1078 
180851 966 1070 
180852 985 1063 
180853 1009 1052 
180854 1034 1041 
180855 1059 1024 
180856 1079 1002 
180857 1092 985 
180858 1108 968 
180859 1130 945 
180860 1156 915 
180861 1186 881 
180862 1211 845 
180863 1233 814 
180864 1254 795 
180865 1271 792 
180866 1282 789 
180867 1286 789 
180868 1287 792 
180869 1280 799 
180870 1269 808 
180871 1252 825 
180872 1224 839 
180873 1193 856 
180874 1162 871 
180875 1133 884 
180876 1107 894 
180877 1078 908 
180878 1045 921 
180879 1008 936 
180880 970 946 
180881 938 953 
180882 906 960 
180883 885 970 
180884 866 977 
180885 852 982 
180886 846 988 
180887 838 990 
180888 833 997 
180889 836 1006 
180890 838 1013 
180891 840 1019 
180892 841 1024 
180893 842 1029 
180894 841 1032 
180895 850 1040 
180896 858 1049 
180897 868 1053 
180898 876 1059 
180899 878 1061 
180900 878 1068 
180901 886 1072 
180902 889 1077 
180903 897 1082 
180904 902 1083 
180905 903 1084 
180906 904 1084 
180907 907 1088 
180908 911 1090 
180909 912 1089 
180910 913 1090 
180911 914 1087 
180912 912 1088 
180913 911 1090 
180914 915 1093 
180915 913 1092 
180916 913 1094 
180917 910 1093 
180918 906 1093 
180919 906 1094 
180920 910 1096 
180921 908 1096 
180922 907 1095 
180923 905 1094 
180924 900 1096 
180925 903 1098 
180926 901 1100 
180927 906 1101 
180928 901 1099 
180929 900 1099 
180930 898 1100 
180931 898 1101 
180932 899 1103 
180933 899 1105 
180934 901 1104 
180935 899 1102 
180936 896 1104 
180937 898 1105 
180938 901 1107 
180939 904 1107 
180940 904 1109 
180941 903 1106 
180942 901 1106 
180943 903 1108 
180944 907 1110 
180945 909 1109 
180946 908 1110 
180947 908 1107 
180948 908 1107 
180949 911 1107 
180950 914 1111 
180951 918 1110 
180952 920 1109 
180953 920 1104 
180954 920 1104 
180955 926 1105 
180956 928 1103 
180957 933 1103 
180958 936 1102 
180959 936 1100 
180960 937 1100 
180961 939 1100 
180962 945 1102 
180963 949 1099 
180964 949 1097 
180965 953 1096 
180966 953 1094 
180967 955 1091 
180968 962 1093 
180969 963 1091 
180970 965 1088 
180971 968 1086 
180972 966 1085 
180973 974 1085 
180974 977 1085 
180975 983 1085 
180976 987 1081 
180977 987 1079 
180978 986 1077 
180979 987 1075 
180980 991 1078 
180981 997 1074 
180982 998 1072 
180983 999 1067 
180984 999 1067 
180985 1002 1064 
180986 1003 1068 
180987 1006 1065 
180988 1007 1062 
180989 1006 1058 
180990 1005 1061 
180991 1007 1060 
180992 1008 1056 
180993 1010 1061 
180994 1010 1057 
180995 1007 1053 
180996 1003 1051 
180997 1004 1053 
180998 1007 1052 
180999 1008 1054 
181000 1006 1053 
181001 1003 1047 
181002 999 1048 
181003 996 1049 
181004 998 1050 
181005 999 1049 
181006 998 1050 
181007 996 1047 
181008 993 1047 
181009 996 1048 
181010 998 1052 
181011 1000 1051 
181012 1003 1052 
181013 1001 1052 
181014 1000 1052 
181015 1001 1053 
181016 1003 1055 
181017 1004 1054 
181018 1004 1051 
181019 1002 1051 
181020 1000 1050 
181021 996 1052 
181022 998 1051 
181023 998 1049 
181024 998 1049 
181025 1000 1047 
181026 1001 1047 
181027 1004 1049 
181028 1006 1051 
181029 1008 1051 
181030 1008 1050 
181031 1006 1047 
181032 1003 1049 
181033 1004 1051 
181034 1005 1054 
181035 1005 1057 
181036 1002 1053 
181037 1001 1052 
181038 998 1052 
181039 998 1051 
181040 999 1051 
181041 1000 1051 
181042 1001 1051 
181043 1002 1050 
181044 998 1050 
181045 997 1053 
181046 996 1056 
181047 994 1055 
181048 988 1057 
181049 980 1054 
181050 973 1055 
181051 969 1055 
181052 968 1059 
181053 967 1058 
181054 962 1054 
181055 957 1054 
181056 955 1056 
181057 953 1056 
181058 956 1057 
181059 956 1056 
181060 954 1057 
181061 954 1054 
181062 951 1052 
181063 953 1055 
181064 953 1056 
181065 957 1055 
181066 954 1054 
181067 952 1053 
181068 953 1051 
181069 954 1052 
181070 955 1056 
181071 954 1053 
181072 955 1053 
181073 955 1051 
181074 953 1050 
181075 954 1052 
181076 956 1053 
181077 956 1053 
181078 956 1050 
181079 955 1050 
181080 953 1049 
181081 955 1050 
181082 953 1051 
181083 954 1052 
181084 956 1051 
181085 957 1048 
181086 955 1046 
181087 956 1048 
181088 959 1050 
181089 964 1053 
181090 964 1050 
181091 962 1050 
181092 961 1046 
181093 963 1048 
181094 965 1051 
181095 967 1051 
181096 967 1051 
181097 967 1049 
181098 966 1046 
181099 966 1048 
181100 967 1053 
181101 967 1055 
181102 964 1058 
181103 960 1059 
181104 955 1062 
181105 951 1071 
181106 954 1076 
181107 959 1078 
181108 970 1072 
181109 989 1062 
181110 1015 1048 
181111 1044 1035 
181112 1068 1019 
181113 1088 999 
181114 1104 980 
181115 1120 960 
181116 1144 934 
181117 1173 900 
181118 1204 867 
181119 1230 832 
181120 1255 804 
181121 1279 786 
181122 1290 777 
181123 1297 780 
181124 1299 783 
181125 1299 792 
181126 1287 804 
181127 1265 817 
181128 1227 833 
181129 1188 853 
181130 1156 870 
181131 1127 888 
181132 1098 902 
181133 1057 913 
181134 1012 927 
181135 967 941 
181136 934 951 
181137 908 960 
181138 882 966 
181139 859 975 
181140 841 982 
181141 833 991 
181142 833 1000 
181143 832 1007 
181144 836 1011 
181145 834 1017 
181146 834 1023 
181147 836 1032 
181148 844 1039 
181149 854 1046 
181150 862 1052 
181151 866 1055 
181152 870 1061 
181153 874 1066 
181154 881 1073 
181155 888 1076 
181156 892 1083 
181157 898 1081 
181158 900 1085 
181159 907 1088 
181160 910 1091 
181161 910 1093 
181162 912 1091 
181163 912 1090 
181164 912 1088 
181165 911 1092 
181166 912 1092 
181167 914 1092 
181168 910 1093 
181169 909 1092 
181170 906 1090 
181171 905 1094 
181172 908 1098 
181173 908 1099 
181174 906 1097 
181175 903 1097 
181176 900 1096 
181177 900 1100 
181178 902 1104 
181179 904 1103 
181180 903 1106 
181181 897 1101 
181182 895 1103 
181183 895 1105 
181184 897 1107 
181185 899 1107 
181186 900 1108 
181187 895 1107 
181188 895 1108 
181189 895 1109 
181190 896 1112 
181191 900 1112 
181192 902 1112 
181193 903 1110 
181194 904 1110 
181195 905 1110 
181196 907 1113 
181197 912 1112 
181198 913 1111 
181199 914 1107 
181200 915 1106 
181201 919 1109 
181202 924 1108 
181203 927 1107 
181204 929 1106 
181205 933 1106 
181206 934 1101 
181207 936 1103 
181208 940 1104 
181209 944 1101 
181210 949 1100 
181211 948 1097 
181212 950 1097 
181213 954 1095 
181214 957 1098 
181215 963 1097 
181216 967 1093 
181217 964 1088 
181218 967 1086 
181219 972 1085 
181220 977 1088 
181221 978 1086 
181222 982 1082 
181223 984 1078 
181224 981 1078 
181225 985 1076 
181226 987 1079 
181227 993 1076 
181228 997 1073 
181229 996 1068 
181230 997 1067 
181231 999 1064 
181232 1000 1065 
181233 1005 1062 
181234 1004 1064 
181235 1003 1061 
181236 1002 1060 
181237 1003 1059 
181238 1004 1060 
181239 1005 1057 
181240 1003 1056 
181241 1001 1051 
181242 998 1051 
181243 999 1053 
181244 1000 1054 
181245 1000 1053 
181246 1001 1053 
181247 997 1051 
181248 994 1049 
181249 993 1052 
181250 997 1053 
181251 996 1054 
181252 994 1055 
181253 994 1055 
181254 991 1054 
181255 993 1056 
181256 994 1057 
181257 993 1059 
181258 994 1056 
181259 993 1053 
181260 989 1053 
181261 990 1054 
181262 988 1054 
181263 989 1053 
181264 991 1051 
181265 992 1050 
181266 991 1050 
181267 993 1051 
181268 998 1054 
181269 1003 1055 
181270 1003 1053 
181271 1000 1051 
181272 996 1051 
181273 997 1052 
181274 998 1056 
181275 999 1059 
181276 996 1057 
181277 996 1055 
181278 993 1057 
181279 990 1056 
181280 994 1059 
181281 995 1055 
181282 997 1054 
181283 995 1054 
181284 994 1054 
181285 994 1055 
181286 993 1057 
181287 992 1056 
181288 984 1058 
181289 977 1057 
181290 968 1057 
181291 966 1058 
181292 960 1063 
181293 958 1059 
181294 955 1061 
181295 951 1058 
181296 948 1059 
181297 947 1059 
181298 948 1062 
181299 950 1061 
181300 951 1060 
181301 950 1057 
181302 947 1056 
181303 947 1058 
181304 950 1062 
181305 954 1060 
181306 952 1055 
181307 951 1055 
181308 949 1057 
181309 949 1059 
181310 951 1060 
181311 950 1059 
181312 953 1058 
181313 952 1053 
181314 949 1056 
181315 950 1055 
181316 951 1056 
181317 952 1059 
181318 951 1057 
181319 950 1054 
181320 948 1053 
181321 949 1054 
181322 951 1055 
181323 953 1054 
181324 950 1056 
181325 951 1057 
181326 951 1053 
181327 952 1054 
181328 954 1055 
181329 955 1055 
181330 955 1053 
181331 957 1051 
181332 954 1052 
181333 954 1054 
181334 955 1055 
181335 959 1055 
181336 960 1054 
181337 957 1053 
181338 956 1050 
181339 959 1055 
181340 960 1058 
181341 962 1060 
181342 959 1061 
181343 955 1062 
181344 948 1068 
181345 952 1076 
181346 952 1080 
181347 963 1079 
181348 982 1070 
181349 1010 1057 
181350 1038 1041 
181351 1069 1023 
181352 1096 1004 
181353 1113 985 
181354 1135 966 
181355 1159 940 
181356 1186 904 
181357 1217 867 
181358 1246 833 
181359 1274 806 
181360 1293 795 
181361 1298 793 
181362 1295 794 
181363 1291 805 
181364 1283 816 
181365 1265 832 
181366 1233 845 
181367 1189 860 
181368 1153 876 
181369 1124 894 
181370 1098 906 
181371 1069 921 
181372 1028 931 
181373 982 943 
181374 941 954 
181375 909 963 
181376 882 972 
181377 863 980 
181378 846 989 
181379 833 996 
181380 826 1003 
181381 826 1008 
181382 829 1015 
181383 835 1020 
181384 836 1025 
181385 837 1030 
181386 835 1037 
181387 844 1047 
181388 859 1054 
181389 865 1060 
181390 869 1065 
181391 872 1066 
181392 875 1070 
181393 878 1078 
181394 886 1082 
181395 892 1085 
181396 898 1088 
181397 901 1085 
181398 899 1086 
181399 902 1091 
181400 904 1092 
181401 906 1094 
181402 907 1091 
181403 908 1090 
181404 904 1090 
181405 903 1091 
181406 907 1095 
181407 907 1094 
181408 905 1094 
181409 904 1090 
181410 900 1093 
181411 901 1096 
181412 901 1098 
181413 902 1099 
181414 903 1099 
181415 901 1095 
181416 896 1098 
181417 898 1098 
181418 898 1102 
181419 900 1102 
181420 899 1101 
181421 896 1102 
181422 894 1100 
181423 894 1102 
181424 896 1108 
181425 900 1107 
181426 898 1107 
181427 894 1106 
181428 891 1105 
181429 893 1105 
181430 894 1108 
181431 897 1110 
181432 897 1107 
181433 897 1106 
181434 897 1107 
181435 899 1109 
181436 901 1109 
181437 905 1107 
181438 908 1107 
181439 911 1103 
181440 910 1104 
181441 914 1106 
181442 919 1107 
181443 922 1105 
181444 924 1104 
181445 927 1100 
181446 927 1100 
181447 929 1100 
181448 936 1099 
181449 938 1100 
181450 941 1098 
181451 940 1096 
181452 943 1095 
181453 947 1095 
181454 950 1095 
181455 957 1094 
181456 960 1090 
181457 960 1091 
181458 959 1088 
181459 963 1089 
181460 969 1088 
181461 975 1087 
181462 976 1086 
181463 977 1084 
181464 976 1077 
181465 979 1080 
181466 981 1080 
181467 987 1081 
181468 987 1076 
181469 988 1072 
181470 986 1072 
181471 987 1071 
181472 993 1071 
181473 995 1071 
181474 996 1067 
181475 995 1063 
181476 993 1061 
181477 998 1061 
181478 1000 1063 
181479 1003 1061 
181480 1002 1059 
181481 1001 1056 
181482 997 1055 
181483 997 1056 
181484 999 1058 
181485 999 1056 
181486 997 1053 
181487 996 1051 
181488 993 1051 
181489 994 1052 
181490 994 1054 
181491 994 1055 
181492 991 1053 
181493 991 1051 
181494 988 1050 
181495 988 1053 
181496 990 1055 
181497 993 1056 
181498 993 1055 
181499 993 1053 
181500 991 1055 
181501 989 1054 
181502 991 1060 
181503 991 1057 
181504 989 1057 
181505 986 1053 
181506 984 1052 
181507 983 1051 
181508 983 1054 
181509 985 1052 
181510 985 1053 
181511 986 1049 
181512 987 1049 
181513 991 1053 
181514 995 1054 
181515 997 1054 
181516 996 1055 
181517 994 1051 
181518 992 1049 
181519 994 1052 
181520 997 1055 
181521 996 1055 
181522 995 1056 
181523 993 1052 
181524 993 1052 
181525 991 1051 
181526 996 1055 
181527 999 1055 
181528 1003 1054 
181529 1002 1051 
181530 998 1054 
181531 998 1057 
181532 994 1058 
181533 990 1060 
181534 984 1060 
181535 977 1057 
181536 971 1058 
181537 965 1058 
181538 964 1060 
181539 959 1061 
181540 956 1059 
181541 949 1061 
181542 947 1058 
181543 946 1060 
181544 948 1061 
181545 950 1061 
181546 949 1062 
181547 946 1057 
181548 944 1059 
181549 945 1060 
181550 949 1061 
181551 953 1060 
181552 953 1058 
181553 951 1057 
181554 950 1055 
181555 952 1056 
181556 953 1058 
181557 955 1059 
181558 954 1055 
181559 953 1056 
181560 950 1053 
181561 951 1055 
181562 953 1059 
181563 953 1056 
181564 952 1055 
181565 952 1054 
181566 951 1054 
181567 952 1055 
181568 954 1057 
181569 956 1055 
181570 953 1055 
181571 955 1054 
181572 954 1053 
181573 950 1055 
181574 955 1059 
181575 957 1056 
181576 957 1055 
181577 955 1052 
181578 953 1052 
181579 957 1053 
181580 958 1056 
181581 960 1055 
181582 960 1056 
181583 959 1052 
181584 959 1052 
181585 962 1054 
181586 963 1056 
181587 965 1058 
181588 965 1059 
181589 958 1062 
181590 955 1069 
181591 954 1074 
181592 955 1079 
181593 961 1080 
181594 975 1075 
181595 995 1064 
181596 1021 1054 
181597 1052 1043 
181598 1076 1027 
181599 1100 1006 
181600 1115 990 
181601 1131 969 
181602 1152 942 
181603 1180 911 
181604 1206 879 
181605 1233 844 
181606 1256 817 
181607 1270 807 
181608 1273 807 
181609 1274 810 
181610 1271 817 
181611 1264 829 
181612 1247 843 
181613 1217 855 
181614 1183 870 
181615 1151 889 
181616 1125 905 
181617 1099 917 
181618 1073 928 
181619 1036 938 
181620 992 948 
181621 956 960 
181622 926 971 
181623 901 977 
181624 878 985 
181625 862 990 
181626 850 999 
181627 842 1004 
181628 843 1014 
181629 844 1019 
181630 848 1023 
181631 846 1028 
181632 845 1034 
181633 852 1043 
181634 862 1052 
181635 872 1056 
181636 881 1061 
181637 884 1066 
181638 886 1069 
181639 890 1076 
181640 897 1080 
181641 903 1085 
181642 908 1084 
181643 912 1085 
181644 913 1087 
181645 915 1090 
181646 916 1090 
181647 920 1093 
181648 919 1091 
181649 919 1087 
181650 915 1087 
181651 914 1089 
181652 917 1091 
181653 917 1091 
181654 917 1092 
181655 916 1091 
181656 913 1089 
181657 913 1094 
181658 915 1096 
181659 916 1098 
181660 914 1097 
181661 911 1096 
181662 908 1096 
181663 911 1098 
181664 910 1100 
181665 913 1100 
181666 911 1103 
181667 911 1099 
181668 908 1100 
181669 909 1103 
181670 910 1103 
181671 910 1105 
181672 911 1103 
181673 911 1103 
181674 910 1104 
181675 907 1107 
181676 911 1108 
181677 912 1108 
181678 910 1107 
181679 909 1105 
181680 910 1106 
181681 914 1107 
181682 915 1108 
181683 918 1109 
181684 920 1109 
181685 919 1107 
181686 921 1104 
181687 925 1105 
181688 930 1106 
181689 934 1105 
181690 939 1104 
181691 942 1102 
181692 941 1102 
181693 944 1101 
181694 950 1103 
181695 955 1103 
181696 957 1100 
181697 959 1096 
181698 960 1096 
181699 963 1097 
181700 969 1098 
181701 976 1096 
181702 976 1094 
181703 977 1091 
181704 980 1089 
181705 981 1087 
181706 988 1088 
181707 990 1087 
181708 994 1084 
181709 993 1081 
181710 994 1079 
181711 999 1078 
181712 999 1080 
181713 1003 1075 
181714 1004 1073 
181715 1003 1069 
181716 1002 1067 
181717 1006 1067 
181718 1007 1069 
181719 1007 1064 
181720 1009 1063 
181721 1007 1060 
181722 1007 1058 
181723 1009 1060 
181724 1011 1060 
181725 1011 1060 
181726 1012 1055 
181727 1010 1053 
181728 1007 1052 
181729 1007 1054 
181730 1009 1056 
181731 1010 1052 
181732 1008 1052 
181733 1007 1051 
181734 1002 1049 
181735 1001 1053 
181736 1002 1054 
181737 1003 1053 
181738 1003 1052 
181739 1002 1050 
181740 1000 1050 
181741 1004 1051 
181742 1004 1057 
181743 1007 1056 
181744 1009 1056 
181745 1008 1056 
181746 1004 1053 
181747 1005 1056 
181748 1008 1058 
181749 1006 1058 
181750 1005 1055 
181751 1003 1052 
181752 997 1048 
181753 999 1049 
181754 1004 1051 
181755 1009 1051 
181756 1010 1052 
181757 1011 1051 
181758 1012 1050 
181759 1011 1051 
181760 1014 1053 
181761 1016 1054 
181762 1016 1055 
181763 1012 1055 
181764 1007 1054 
181765 1007 1056 
181766 1009 1057 
181767 1011 1056 
181768 1012 1057 
181769 1010 1052 
181770 1010 1053 
181771 1011 1055 
181772 1015 1055 
181773 1014 1056 
181774 1012 1056 
181775 1004 1054 
181776 1001 1053 
181777 995 1054 
181778 990 1059 
181779 986 1057 
181780 983 1057 
181781 979 1053 
181782 971 1054 
181783 969 1057 
181784 967 1059 
181785 966 1059 
181786 965 1058 
181787 962 1058 
181788 958 1057 
181789 960 1057 
181790 957 1060 
181791 960 1059 
181792 960 1055 
181793 959 1054 
181794 956 1053 
181795 959 1054 
181796 961 1056 
181797 963 1056 
181798 965 1055 
181799 966 1052 
181800 962 1052 
181801 963 1050 
181802 964 1055 
181803 965 1054 
181804 967 1054 
181805 966 1052 
181806 964 1051 
181807 965 1051 
181808 967 1053 
181809 970 1053 
181810 968 1051 
181811 968 1051 
181812 965 1048 
181813 966 1051 
181814 969 1054 
181815 970 1050 
181816 970 1049 
181817 968 1048 
181818 968 1045 
181819 968 1049 
181820 972 1051 
181821 974 1050 
181822 971 1049 
181823 970 1049 
181824 969 1047 
181825 969 1050 
181826 971 1049 
181827 973 1051 
181828 971 1051 
181829 970 1045 
181830 969 1046 
181831 968 1049 
181832 970 1052 
181833 972 1055 
181834 971 1055 
181835 967 1057 
181836 959 1063 
181837 957 1069 
181838 959 1075 
181839 960 1076 
181840 967 1071 
181841 977 1066 
181842 994 1058 
181843 1021 1048 
181844 1046 1036 
181845 1067 1017 
181846 1088 996 
181847 1102 978 
181848 1119 957 
181849 1146 931 
181850 1177 897 
181851 1206 860 
181852 1231 827 
181853 1253 807 
181854 1269 793 
181855 1280 788 
181856 1290 791 
181857 1291 794 
181858 1289 801 
181859 1280 812 
181860 1259 824 
181861 1225 837 
181862 1193 857 
181863 1167 872 
181864 1141 886 
181865 1114 897 
181866 1081 906 
181867 1049 920 
181868 1014 935 
181869 981 943 
181870 948 954 
181871 922 960 
181872 895 964 
181873 876 975 
181874 864 983 
181875 857 992 
181876 853 995 
181877 847 999 
181878 848 1006 
181879 849 1012 
181880 851 1020 
181881 856 1026 
181882 855 1031 
181883 860 1037 
181884 867 1042 
181885 875 1048 
181886 885 1056 
181887 887 1061 
181888 892 1064 
181889 896 1068 
181890 897 1071 
181891 900 1076 
181892 908 1080 
181893 912 1079 
181894 915 1081 
181895 918 1081 
181896 917 1083 
181897 918 1087 
181898 921 1088 
181899 922 1088 
181900 922 1087 
181901 918 1086 
181902 918 1084 
181903 915 1089 
181904 919 1090 
181905 917 1091 
181906 919 1091 
181907 915 1090 
181908 914 1091 
181909 914 1092 
181910 916 1096 
181911 916 1095 
181912 915 1096 
181913 911 1095 
181914 909 1095 
181915 911 1098 
181916 912 1101 
181917 910 1101 
181918 911 1102 
181919 912 1100 
181920 909 1099 
181921 908 1101 
181922 909 1104 
181923 911 1105 
181924 910 1104 
181925 910 1103 
181926 904 1100 
181927 906 1103 
181928 909 1107 
181929 912 1107 
181930 913 1106 
181931 912 1105 
181932 909 1104 
181933 910 1106 
181934 914 1106 
181935 917 1107 
181936 918 1106 
181937 920 1105 
181938 916 1103 
181939 922 1105 
181940 925 1107 
181941 930 1105 
181942 930 1103 
181943 933 1099 
181944 934 1099 
181945 938 1098 
181946 943 1101 
181947 949 1099 
181948 953 1098 
181949 952 1094 
181950 955 1090 
181951 959 1092 
181952 964 1093 
181953 968 1090 
181954 969 1089 
181955 972 1085 
181956 970 1083 
181957 978 1084 
181958 978 1086 
181959 985 1083 
181960 985 1082 
181961 987 1077 
181962 987 1074 
181963 992 1076 
181964 996 1075 
181965 1001 1072 
181966 1001 1070 
181967 1002 1066 
181968 1002 1065 
181969 1003 1065 
181970 1005 1063 
181971 1007 1062 
181972 1008 1062 
181973 1006 1058 
181974 1007 1056 
181975 1006 1053 
181976 1009 1056 
181977 1011 1053 
181978 1009 1054 
181979 1007 1049 
181980 1007 1047 
181981 1007 1050 
181982 1008 1052 
181983 1011 1049 
181984 1010 1050 
181985 1005 1044 
181986 1004 1044 
181987 1006 1045 
181988 1006 1047 
181989 1007 1048 
181990 1005 1048 
181991 1003 1046 
181992 1001 1043 
181993 1000 1047 
181994 1001 1051 
181995 1003 1047 
181996 1001 1049 
181997 1001 1048 
181998 1001 1046 
181999 1000 1051 
182000 1004 1054 
182001 1006 1053 
182002 1003 1052 
182003 1004 1050 
182004 1000 1048 
182005 1002 1051 
182006 1004 1052 
182007 1001 1051 
182008 1001 1050 
182009 998 1044 
182010 996 1043 
182011 1000 1045 
182012 1001 1049 
182013 1007 1049 
182014 1008 1045 
182015 1007 1046 
182016 1004 1046 
182017 1006 1048 
182018 1008 1050 
182019 1009 1051 
182020 1006 1053 
182021 1002 1049 
182022 1003 1052 
182023 1002 1051 
182024 1004 1053 
182025 1006 1050 
182026 1007 1049 
182027 1006 1048 
182028 1004 1047 
182029 1006 1052 
182030 1008 1051 
182031 1005 1052 
182032 1003 1050 
182033 998 1050 
182034 990 1049 
182035 982 1052 
182036 980 1054 
182037 979 1054 
182038 976 1052 
182039 969 1051 
182040 964 1051 
182041 962 1053 
182042 960 1054 
182043 960 1055 
182044 962 1055 
182045 958 1053 
182046 956 1051 
182047 957 1052 
182048 955 1053 
182049 957 1052 
182050 958 1053 
182051 957 1050 
182052 955 1049 
182053 956 1053 
182054 958 1052 
182055 961 1052 
182056 962 1049 
182057 961 1049 
182058 959 1049 
182059 962 1048 
182060 963 1052 
182061 966 1050 
182062 965 1050 
182063 964 1047 
182064 965 1045 
182065 966 1048 
182066 966 1050 
182067 968 1050 
182068 971 1049 
182069 968 1047 
182070 968 1044 
182071 966 1046 
182072 969 1048 
182073 970 1047 
182074 971 1048 
182075 967 1045 
182076 964 1045 
182077 967 1046 
182078 970 1050 
182079 970 1047 
182080 973 1048 
182081 970 1045 
182082 968 1043 
182083 967 1045 
182084 971 1048 
182085 972 1047 
182086 972 1048 
182087 972 1045 
182088 969 1046 
182089 970 1050 
182090 969 1055 
182091 969 1059 
182092 963 1062 
182093 961 1064 
182094 957 1066 
182095 960 1071 
182096 967 1072 
182097 982 1063 
182098 1005 1055 
182099 1029 1043 
182100 1049 1029 
182101 1073 1012 
182102 1094 997 
182103 1108 984 
182104 1124 966 
182105 1144 938 
182106 1169 907 
182107 1196 876 
182108 1223 847 
182109 1248 817 
182110 1269 798 
182111 1285 787 
182112 1294 783 
182113 1299 785 
182114 1302 793 
182115 1299 797 
182116 1292 808 
182117 1272 819 
182118 1242 834 
182119 1205 851 
182120 1181 864 
182121 1156 877 
182122 1131 890 
182123 1101 901 
182124 1068 910 
182125 1032 923 
182126 994 934 
182127 961 945 
182128 935 953 
182129 910 960 
182130 884 966 
182131 866 973 
182132 857 983 
182133 852 987 
182134 847 993 
182135 843 995 
182136 842 999 
182137 843 1006 
182138 848 1014 
182139 850 1021 
182140 850 1024 
182141 851 1029 
182142 856 1033 
182143 862 1041 
182144 874 1048 
182145 883 1055 
182146 886 1056 
182147 890 1061 
182148 890 1065 
182149 896 1071 
182150 902 1077 
182151 908 1079 
182152 914 1079 
182153 913 1081 
182154 914 1081 
182155 916 1084 
182156 920 1087 
182157 921 1086 
182158 922 1084 
182159 919 1083 
182160 917 1083 
182161 916 1086 
182162 919 1087 
182163 920 1087 
182164 920 1087 
182165 918 1085 
182166 914 1085 
182167 914 1088 
182168 915 1092 
182169 913 1092 
182170 915 1089 
182171 912 1088 
182172 911 1089 
182173 910 1090 
182174 912 1095 
182175 914 1094 
182176 914 1095 
182177 913 1095 
182178 909 1096 
182179 907 1097 
182180 911 1097 
182181 911 1101 
182182 911 1098 
182183 909 1098 
182184 909 1099 
182185 908 1100 
182186 909 1102 
182187 911 1104 
182188 911 1102 
182189 911 1100 
182190 910 1102 
182191 910 1104 
182192 915 1106 
182193 916 1105 
182194 917 1104 
182195 916 1102 
182196 915 1103 
182197 918 1104 
182198 921 1105 
182199 925 1104 
182200 926 1102 
182201 928 1101 
182202 929 1100 
182203 931 1100 
182204 937 1102 
182205 941 1100 
182206 944 1099 
182207 944 1095 
182208 945 1094 
182209 948 1093 
182210 954 1095 
182211 959 1093 
182212 963 1091 
182213 965 1088 
182214 965 1087 
182215 969 1087 
182216 974 1089 
182217 979 1088 
182218 982 1083 
182219 984 1078 
182220 983 1076 
182221 988 1078 
182222 992 1076 
182223 998 1075 
182224 999 1071 
182225 1000 1068 
182226 1000 1065 
182227 1002 1066 
182228 1006 1067 
182229 1010 1064 
182230 1012 1061 
182231 1010 1058 
182232 1009 1056 
182233 1011 1054 
182234 1010 1055 
182235 1012 1052 
182236 1012 1052 
182237 1010 1049 
182238 1009 1047 
182239 1007 1049 
182240 1008 1048 
182241 1011 1051 
182242 1010 1049 
182243 1008 1045 
182244 1006 1044 
182245 1005 1047 
182246 1006 1049 
182247 1007 1045 
182248 1005 1047 
182249 1003 1046 
182250 1003 1046 
182251 1000 1045 
182252 1002 1050 
182253 1003 1048 
182254 1004 1047 
182255 1002 1048 
182256 1002 1050 
182257 1004 1049 
182258 1005 1053 
182259 1006 1053 
182260 1005 1052 
182261 1003 1048 
182262 1002 1049 
182263 1001 1047 
182264 1002 1052 
182265 1001 1051 
182266 1000 1047 
182267 998 1045 
182268 996 1044 
182269 1000 1044 
182270 1005 1049 
182271 1008 1051 
182272 1008 1048 
182273 1007 1046 
182274 1003 1045 
182275 1004 1049 
182276 1004 1052 
182277 1003 1052 
182278 1005 1052 
182279 1003 1051 
182280 1002 1050 
182281 1004 1051 
182282 1007 1051 
182283 1009 1050 
182284 1012 1053 
182285 1011 1048 
182286 1009 1049 
182287 1005 1051 
182288 1004 1053 
182289 998 1051 
182290 994 1052 
182291 985 1050 
182292 979 1050 
182293 974 1052 
182294 972 1055 
182295 972 1055 
182296 969 1055 
182297 965 1053 
182298 961 1054 
182299 962 1054 
182300 963 1055 
182301 963 1055 
182302 962 1052 
182303 959 1049 
182304 957 1053 
182305 959 1054 
182306 958 1054 
182307 960 1055 
182308 960 1052 
182309 958 1048 
182310 956 1049 
182311 957 1050 
182312 962 1052 
182313 961 1052 
182314 961 1050 
182315 963 1048 
182316 960 1047 
182317 961 1051 
182318 964 1051 
182319 966 1050 
182320 967 1050 
182321 969 1047 
182322 963 1047 
182323 965 1048 
182324 966 1052 
182325 968 1051 
182326 968 1049 
182327 968 1048 
182328 967 1046 
182329 966 1047 
182330 970 1051 
182331 970 1050 
182332 968 1048 
182333 967 1046 
182334 969 1047 
182335 969 1047 
182336 971 1048 
182337 972 1048 
182338 973 1047 
182339 972 1047 
182340 971 1043 
182341 972 1047 
182342 973 1048 
182343 974 1049 
182344 973 1053 
182345 972 1052 
182346 969 1055 
182347 965 1061 
182348 962 1067 
182349 962 1072 
182350 960 1072 
182351 963 1071 
182352 969 1069 
182353 987 1062 
182354 1014 1054 
182355 1039 1044 
182356 1063 1027 
182357 1083 1008 
182358 1100 989 
182359 1113 975 
182360 1133 959 
182361 1165 930 
182362 1192 895 
182363 1216 862 
182364 1241 830 
182365 1266 805 
182366 1288 795 
182367 1306 794 
182368 1314 791 
182369 1311 791 
182370 1305 796 
182371 1300 807 
182372 1291 822 
182373 1271 832 
182374 1235 845 
182375 1199 861 
182376 1169 873 
182377 1139 884 
182378 1117 900 
182379 1090 910 
182380 1058 921 
182381 1016 932 
182382 978 941 
182383 944 955 
182384 921 963 
182385 900 969 
182386 876 975 
182387 861 979 
182388 848 988 
182389 841 994 
182390 840 1002 
182391 843 1006 
182392 846 1013 
182393 842 1016 
182394 844 1018 
182395 845 1028 
182396 850 1033 
182397 858 1042 
182398 867 1045 
182399 870 1050 
182400 875 1053 
182401 882 1059 
182402 888 1067 
182403 893 1071 
182404 895 1075 
182405 898 1073 
182406 900 1077 
182407 904 1081 
182408 911 1085 
182409 915 1088 
182410 917 1088 
182411 918 1088 
182412 917 1086 
182413 919 1088 
182414 923 1090 
182415 923 1090 
182416 921 1088 
182417 919 1089 
182418 919 1089 
182419 918 1093 
182420 917 1098 
182421 917 1094 
182422 915 1094 
182423 914 1093 
182424 911 1093 
182425 910 1093 
182426 911 1097 
182427 914 1098 
182428 912 1095 
182429 908 1098 
182430 907 1097 
182431 906 1100 
182432 910 1103 
182433 910 1101 
182434 912 1101 
182435 907 1099 
182436 905 1100 
182437 906 1102 
182438 906 1105 
182439 908 1106 
182440 910 1106 
182441 907 1103 
182442 906 1104 
182443 906 1105 
182444 907 1108 
182445 910 1110 
182446 910 1107 
182447 909 1105 
182448 909 1103 
182449 910 1106 
182450 914 1108 
182451 915 1108 
182452 915 1108 
182453 913 1107 
182454 912 1106 
182455 917 1105 
182456 920 1110 
182457 923 1106 
182458 925 1106 
182459 925 1102 
182460 927 1103 
182461 928 1103 
182462 933 1106 
182463 940 1107 
182464 940 1102 
182465 942 1099 
182466 945 1098 
182467 946 1097 
182468 953 1098 
182469 957 1096 
182470 961 1097 
182471 964 1093 
182472 962 1090 
182473 966 1090 
182474 970 1092 
182475 975 1091 
182476 979 1090 
182477 977 1087 
182478 980 1085 
182479 983 1086 
182480 986 1085 
182481 991 1082 
182482 996 1081 
182483 996 1075 
182484 997 1074 
182485 999 1073 
182486 1002 1072 
182487 1005 1074 
182488 1007 1071 
182489 1007 1067 
182490 1005 1065 
182491 1009 1063 
182492 1008 1064 
182493 1011 1062 
182494 1010 1061 
182495 1012 1056 
182496 1008 1056 
182497 1009 1056 
182498 1007 1060 
182499 1009 1055 
182500 1009 1055 
182501 1004 1051 
182502 1002 1051 
182503 1003 1055 
182504 1004 1055 
182505 1003 1053 
182506 1003 1051 
182507 1000 1051 
182508 999 1048 
182509 1000 1053 
182510 1001 1052 
182511 1002 1052 
182512 1000 1052 
182513 995 1051 
182514 995 1051 
182515 997 1052 
182516 1001 1058 
182517 1003 1058 
182518 1004 1060 
182519 1003 1057 
182520 999 1056 
182521 998 1057 
182522 999 1058 
182523 1000 1058 
182524 998 1055 
182525 995 1052 
182526 992 1052 
182527 996 1052 
182528 1000 1055 
182529 1001 1053 
182530 1007 1054 
182531 1004 1054 
182532 1005 1052 
182533 1005 1053 
182534 1004 1055 
182535 1006 1056 
182536 1003 1055 
182537 1001 1054 
182538 997 1054 
182539 998 1057 
182540 998 1061 
182541 999 1061 
182542 1001 1058 
182543 1001 1054 
182544 998 1055 
182545 1001 1055 
182546 1002 1057 
182547 1006 1058 
182548 1004 1059 
182549 1000 1056 
182550 996 1054 
182551 992 1055 
182552 990 1059 
182553 982 1059 
182554 978 1059 
182555 977 1059 
182556 967 1059 
182557 967 1057 
182558 964 1060 
182559 965 1062 
182560 961 1062 
182561 960 1060 
182562 958 1058 
182563 955 1062 
182564 957 1062 
182565 961 1060 
182566 958 1058 
182567 958 1060 
182568 955 1057 
182569 957 1060 
182570 958 1060 
182571 958 1059 
182572 958 1057 
182573 959 1055 
182574 953 1054 
182575 955 1060 
182576 958 1060 
182577 961 1060 
182578 961 1055 
182579 959 1055 
182580 957 1053 
182581 959 1056 
182582 961 1057 
182583 964 1056 
182584 962 1056 
182585 963 1054 
182586 963 1053 
182587 962 1056 
182588 964 1056 
182589 964 1058 
182590 967 1056 
182591 966 1053 
182592 965 1052 
182593 965 1056 
182594 966 1056 
182595 969 1056 
182596 970 1056 
182597 969 1053 
182598 969 1052 
182599 967 1054 
182600 971 1056 
182601 972 1055 
182602 973 1055 
182603 972 1054 
182604 970 1055 
182605 968 1057 
182606 967 1064 
182607 968 1066 
182608 965 1067 
182609 960 1069 
182610 959 1073 
182611 958 1077 
182612 966 1083 
182613 980 1077 
182614 1003 1068 
182615 1028 1056 
182616 1052 1041 
182617 1080 1024 
182618 1104 1008 
182619 1122 992 
182620 1137 980 
182621 1156 957 
182622 1183 925 
182623 1209 896 
182624 1237 866 
182625 1262 840 
182626 1282 817 
182627 1298 810 
182628 1301 809 
182629 1300 812 
182630 1295 822 
182631 1293 831 
182632 1278 844 
182633 1252 855 
182634 1215 869 
182635 1179 885 
182636 1150 899 
182637 1130 913 
182638 1101 919 
182639 1070 930 
182640 1036 939 
182641 996 952 
182642 965 963 
182643 939 971 
182644 915 974 
182645 888 980 
182646 868 985 
182647 852 993 
182648 842 1002 
182649 839 1006 
182650 837 1012 
182651 836 1015 
182652 834 1018 
182653 838 1025 
182654 839 1035 
182655 841 1038 
182656 848 1044 
182657 854 1046 
182658 861 1053 
182659 867 1060 
182660 874 1067 
182661 881 1071 
182662 884 1074 
182663 885 1075 
182664 887 1077 
182665 893 1082 
182666 900 1088 
182667 906 1088 
182668 910 1089 
182669 910 1092 
182670 910 1090 
182671 911 1092 
182672 913 1098 
182673 916 1095 
182674 918 1093 
182675 914 1092 
182676 914 1091 
182677 915 1092 
182678 912 1095 
182679 915 1095 
182680 913 1096 
182681 910 1091 
182682 907 1095 
182683 907 1095 
182684 907 1100 
182685 909 1100 
182686 907 1100 
182687 906 1099 
182688 905 1097 
182689 903 1098 
182690 904 1103 
182691 906 1103 
182692 905 1103 
182693 903 1100 
182694 899 1102 
182695 900 1104 
182696 902 1107 
182697 904 1104 
182698 904 1106 
182699 903 1103 
182700 902 1102 
182701 901 1107 
182702 904 1110 
182703 905 1108 
182704 907 1109 
182705 905 1107 
182706 903 1105 
182707 904 1110 
182708 907 1107 
182709 909 1110 
182710 911 1111 
182711 911 1107 
182712 910 1105 
182713 913 1106 
182714 918 1109 
182715 921 1109 
182716 919 1109 
182717 921 1104 
182718 923 1104 
182719 926 1105 
182720 930 1106 
182721 934 1105 
182722 935 1103 
182723 935 1102 
182724 937 1097 
182725 937 1100 
182726 942 1101 
182727 948 1100 
182728 949 1099 
182729 951 1097 
182730 955 1094 
182731 958 1095 
182732 962 1096 
182733 966 1095 
182734 968 1094 
182735 970 1089 
182736 970 1087 
182737 973 1088 
182738 979 1089 
182739 984 1088 
182740 988 1084 
182741 988 1081 
182742 990 1082 
182743 991 1082 
182744 994 1081 
182745 999 1079 
182746 1001 1076 
182747 1001 1074 
182748 1001 1071 
182749 1002 1071 
182750 1005 1072 
182751 1008 1071 
182752 1006 1069 
182753 1008 1065 
182754 1008 1065 
182755 1008 1064 
182756 1009 1063 
182757 1011 1064 
182758 1011 1063 
182759 1007 1059 
182760 1005 1057 
182761 1006 1057 
182762 1004 1057 
182763 1006 1055 
182764 1004 1056 
182765 1003 1054 
182766 999 1053 
182767 999 1054 
182768 1000 1055 
182769 1000 1056 
182770 1000 1055 
182771 998 1052 
182772 995 1052 
182773 995 1053 
182774 997 1054 
182775 999 1057 
182776 999 1053 
182777 998 1053 
182778 996 1053 
182779 997 1056 
182780 1000 1058 
182781 1000 1060 
182782 1003 1059 
182783 1001 1057 
182784 999 1058 
182785 999 1059 
182786 1001 1060 
182787 1003 1060 
182788 1002 1060 
182789 1000 1057 
182790 996 1056 
182791 994 1054 
182792 996 1057 
182793 999 1055 
182794 1003 1057 
182795 999 1056 
182796 1003 1052 
182797 1006 1057 
182798 1007 1058 
182799 1008 1056 
182800 1006 1056 
182801 1006 1055 
182802 1004 1056 
182803 1002 1056 
182804 1003 1060 
182805 1004 1059 
182806 1003 1061 
182807 1003 1059 
182808 1000 1055 
182809 1000 1057 
182810 1002 1059 
182811 1006 1060 
182812 1011 1059 
182813 1010 1057 
182814 1005 1059 
182815 1003 1060 
182816 999 1063 
182817 995 1060 
182818 989 1063 
182819 982 1059 
182820 978 1061 
182821 974 1062 
182822 974 1063 
182823 970 1063 
182824 967 1065 
182825 965 1061 
182826 962 1060 
182827 961 1064 
182828 964 1064 
182829 965 1063 
182830 963 1063 
182831 962 1061 
182832 960 1060 
182833 959 1061 
182834 960 1063 
182835 965 1062 
182836 963 1058 
182837 960 1059 
182838 960 1057 
182839 960 1059 
182840 962 1061 
182841 964 1059 
182842 962 1060 
182843 963 1057 
182844 960 1059 
182845 963 1059 
182846 964 1062 
182847 965 1061 
182848 967 1059 
182849 964 1058 
182850 962 1058 
182851 964 1058 
182852 968 1059 
182853 968 1059 
182854 969 1058 
182855 966 1057 
182856 967 1056 
182857 967 1057 
182858 971 1059 
182859 972 1058 
182860 973 1059 
182861 971 1055 
182862 969 1055 
182863 970 1057 
182864 973 1059 
182865 974 1059 
182866 974 1057 
182867 975 1058 
182868 972 1055 
182869 973 1057 
182870 974 1059 
182871 978 1059 
182872 979 1058 
182873 979 1057 
182874 977 1056 
182875 978 1062 
182876 978 1063 
182877 978 1063 
182878 977 1062 
182879 973 1067 
182880 968 1068 
182881 966 1075 
182882 966 1082 
182883 965 1083 
182884 970 1084 
182885 978 1079 
182886 998 1069 
182887 1020 1064 
182888 1046 1051 
182889 1070 1038 
182890 1091 1018 
182891 1105 999 
182892 1116 985 
182893 1134 973 
182894 1157 949 
182895 1182 922 
182896 1206 887 
182897 1228 857 
182898 1244 834 
182899 1263 820 
182900 1275 818 
182901 1280 815 
182902 1281 818 
182903 1278 819 
182904 1272 825 
182905 1261 840 
182906 1246 855 
182907 1217 864 
182908 1191 877 
182909 1167 886 
182910 1145 897 
182911 1124 912 
182912 1102 924 
182913 1083 932 
182914 1055 941 
182915 1020 948 
182916 988 956 
182917 964 966 
182918 941 974 
182919 919 980 
182920 899 986 
182921 880 992 
182922 867 999 
182923 861 1006 
182924 859 1014 
182925 860 1017 
182926 860 1023 
182927 860 1026 
182928 859 1031 
182929 859 1038 
182930 864 1045 
182931 873 1048 
182932 880 1055 
182933 884 1056 
182934 891 1059 
182935 894 1067 
182936 900 1075 
182937 906 1078 
182938 908 1080 
182939 910 1081 
182940 913 1084 
182941 918 1089 
182942 924 1091 
182943 927 1093 
182944 929 1095 
182945 929 1090 
182946 928 1093 
182947 928 1096 
182948 932 1096 
182949 933 1097 
182950 933 1095 
182951 934 1093 
182952 930 1094 
182953 928 1097 
182954 932 1097 
182955 930 1101 
182956 928 1099 
182957 926 1098 
182958 925 1098 
182959 926 1099 
182960 925 1102 
182961 926 1098 
182962 925 1100 
182963 922 1098 
182964 919 1101 
182965 919 1103 
182966 921 1104 
182967 923 1106 
182968 924 1108 
182969 921 1106 
182970 920 1104 
182971 920 1106 
182972 922 1110 
182973 924 1107 
182974 924 1109 
182975 921 1109 
182976 922 1109 
182977 922 1111 
182978 924 1111 
182979 923 1112 
182980 923 1111 
182981 925 1111 
182982 922 1111 
182983 922 1110 
182984 925 1113 
182985 926 1113 
182986 928 1112 
182987 926 1111 
182988 927 1110 
182989 927 1111 
182990 929 1115 
182991 933 1112 
182992 935 1111 
182993 935 1110 
182994 935 1105 
182995 939 1107 
182996 944 1110 
182997 948 1110 
182998 950 1108 
182999 951 1104 
183000 952 1103 
183001 955 1105 
183002 960 1109 
183003 966 1104 
183004 967 1103 
183005 968 1100 
183006 967 1098 
183007 973 1099 
183008 977 1100 
183009 981 1098 
183010 983 1096 
183011 984 1093 
183012 984 1091 
183013 988 1092 
183014 992 1094 
183015 995 1092 
183016 1000 1091 
183017 1001 1086 
183018 999 1085 
183019 1001 1085 
183020 1005 1084 
183021 1010 1084 
183022 1011 1081 
183023 1013 1077 
183024 1009 1076 
183025 1010 1075 
183026 1013 1076 
183027 1017 1074 
183028 1017 1073 
183029 1017 1069 
183030 1017 1068 
183031 1019 1066 
183032 1019 1069 
183033 1021 1066 
183034 1021 1065 
183035 1019 1060 
183036 1017 1060 
183037 1018 1062 
183038 1016 1061 
183039 1019 1061 
183040 1020 1058 
183041 1017 1054 
183042 1015 1057 
183043 1016 1056 
183044 1017 1059 
183045 1017 1058 
183046 1018 1055 
183047 1013 1053 
183048 1010 1054 
183049 1010 1054 
183050 1011 1054 
183051 1013 1055 
183052 1014 1056 
183053 1010 1054 
183054 1008 1052 
183055 1007 1056 
183056 1007 1059 
183057 1011 1058 
183058 1013 1057 
183059 1012 1059 
183060 1013 1058 
183061 1015 1059 
183062 1017 1063 
183063 1017 1064 
183064 1015 1062 
183065 1014 1060 
183066 1009 1059 
183067 1010 1060 
183068 1012 1060 
183069 1013 1060 
183070 1016 1058 
183071 1014 1055 
183072 1012 1053 
183073 1015 1055 
183074 1019 1059 
183075 1023 1058 
183076 1021 1057 
183077 1020 1056 
183078 1017 1055 
183079 1018 1057 
183080 1020 1061 
183081 1021 1060 
183082 1017 1061 
183083 1014 1059 
183084 1013 1059 
183085 1014 1059 
183086 1015 1061 
183087 1016 1058 
183088 1019 1060 
183089 1019 1058 
183090 1017 1058 
183091 1016 1061 
183092 1016 1063 
183093 1016 1061 
183094 1012 1060 
183095 1002 1060 
183096 996 1057 
183097 991 1060 
183098 991 1065 
183099 990 1063 
183100 983 1063 
183101 978 1061 
183102 973 1060 
183103 971 1062 
183104 968 1064 
183105 973 1067 
183106 973 1064 
183107 969 1061 
183108 966 1060 
183109 967 1060 
183110 970 1063 
183111 971 1063 
183112 972 1061 
183113 971 1060 
183114 968 1056 
183115 969 1061 
183116 971 1061 
183117 973 1060 
183118 971 1058 
183119 970 1056 
183120 969 1054 
183121 971 1056 
183122 972 1060 
183123 974 1059 
183124 974 1055 
183125 973 1056 
183126 972 1056 
183127 973 1055 
183128 975 1057 
183129 978 1056 
183130 977 1057 
183131 977 1054 
183132 973 1054 
183133 975 1056 
183134 977 1057 
183135 981 1057 
183136 981 1056 
183137 978 1055 
183138 978 1053 
183139 977 1056 
183140 979 1058 
183141 982 1057 
183142 981 1055 
183143 977 1053 
183144 975 1051 
183145 976 1054 
183146 979 1057 
183147 982 1053 
183148 984 1056 
183149 983 1053 
183150 981 1053 
183151 981 1056 
183152 980 1060 
183153 979 1067 
183154 975 1069 
183155 969 1071 
183156 968 1075 
183157 967 1081 
183158 981 1077 
183159 1001 1069 
183160 1025 1057 
183161 1052 1044 
183162 1075 1025 
183163 1094 1009 
183164 1110 993 
183165 1127 976 
183166 1151 956 
183167 1178 919 
183168 1201 882 
183169 1228 847 
183170 1258 826 
183171 1281 809 
183172 1295 803 
183173 1302 801 
183174 1299 801 
183175 1295 808 
183176 1289 825 
183177 1274 837 
183178 1243 850 
183179 1204 864 
183180 1171 880 
183181 1142 897 
183182 1116 911 
183183 1088 922 
183184 1049 934 
183185 1009 947 
183186 970 954 
183187 944 962 
183188 922 974 
183189 900 980 
183190 882 986 
183191 869 991 
183192 860 996 
183193 856 1003 
183194 856 1012 
183195 860 1016 
183196 862 1021 
183197 862 1024 
183198 860 1029 
183199 862 1035 
183200 872 1046 
183201 882 1052 
183202 890 1053 
183203 894 1058 
183204 898 1065 
183205 903 1070 
183206 908 1074 
183207 914 1077 
183208 919 1082 
183209 922 1081 
183210 923 1084 
183211 927 1087 
183212 929 1089 
183213 933 1091 
183214 935 1091 
183215 934 1090 
183216 932 1086 
183217 929 1089 
183218 932 1092 
183219 934 1092 
183220 932 1091 
183221 930 1089 
183222 927 1089 
183223 928 1093 
183224 927 1095 
183225 928 1095 
183226 927 1096 
183227 924 1096 
183228 920 1097 
183229 921 1099 
183230 922 1099 
183231 923 1103 
183232 925 1099 
183233 922 1099 
183234 920 1099 
183235 919 1103 
183236 921 1104 
183237 922 1105 
183238 924 1104 
183239 923 1103 
183240 917 1103 
183241 918 1104 
183242 922 1109 
183243 923 1106 
183244 923 1109 
183245 922 1106 
183246 920 1105 
183247 921 1108 
183248 923 1110 
183249 928 1110 
183250 927 1109 
183251 926 1107 
183252 926 1105 
183253 928 1104 
183254 932 1108 
183255 936 1107 
183256 938 1107 
183257 938 1104 
183258 937 1104 
183259 941 1103 
183260 946 1104 
183261 949 1102 
183262 952 1101 
183263 952 1100 
183264 956 1095 
183265 956 1098 
183266 962 1099 
183267 966 1101 
183268 967 1096 
183269 970 1094 
183270 971 1092 
183271 975 1092 
183272 977 1094 
183273 983 1091 
183274 985 1090 
183275 987 1084 
183276 989 1085 
183277 992 1085 
183278 998 1086 
183279 1000 1084 
183280 1002 1079 
183281 1005 1076 
183282 1003 1074 
183283 1006 1075 
183284 1011 1075 
183285 1014 1073 
183286 1014 1072 
183287 1014 1067 
183288 1014 1065 
183289 1016 1067 
183290 1017 1066 
183291 1018 1064 
183292 1018 1060 
183293 1017 1059 
183294 1016 1057 
183295 1017 1056 
183296 1020 1059 
183297 1019 1057 
183298 1019 1055 
183299 1017 1053 
183300 1014 1050 
183301 1014 1052 
183302 1013 1055 
183303 1018 1054 
183304 1014 1052 
183305 1012 1048 
183306 1010 1050 
183307 1010 1050 
183308 1013 1056 
183309 1011 1053 
183310 1011 1052 
183311 1006 1049 
183312 1005 1049 
183313 1004 1053 
183314 1004 1052 
183315 1003 1053 
183316 1007 1054 
183317 1007 1052 
183318 1005 1054 
183319 1007 1054 
183320 1008 1059 
183321 1010 1062 
183322 1012 1060 
183323 1012 1059 
183324 1006 1056 
183325 1005 1059 
183326 1008 1059 
183327 1006 1059 
183328 1011 1056 
183329 1007 1053 
183330 1006 1054 
183331 1009 1052 
183332 1012 1055 
183333 1016 1056 
183334 1015 1055 
183335 1015 1053 
183336 1013 1052 
183337 1013 1057 
183338 1015 1057 
183339 1018 1056 
183340 1017 1058 
183341 1012 1056 
183342 1010 1056 
183343 1011 1057 
183344 1013 1059 
183345 1016 1055 
183346 1017 1057 
183347 1014 1054 
183348 1010 1052 
183349 1014 1056 
183350 1016 1059 
183351 1018 1057 
183352 1012 1056 
183353 1008 1054 
183354 1001 1054 
183355 995 1053 
183356 989 1060 
183357 989 1058 
183358 985 1059 
183359 980 1055 
183360 974 1057 
183361 970 1058 
183362 972 1061 
183363 971 1061 
183364 971 1061 
183365 969 1057 
183366 968 1056 
183367 966 1058 
183368 966 1057 
183369 969 1058 
183370 968 1058 
183371 968 1056 
183372 966 1059 
183373 967 1055 
183374 968 1057 
183375 970 1056 
183376 969 1053 
183377 968 1052 
183378 966 1054 
183379 969 1054 
183380 970 1055 
183381 972 1057 
183382 971 1057 
183383 969 1053 
183384 967 1053 
183385 968 1054 
183386 969 1055 
183387 975 1055 
183388 974 1054 
183389 973 1052 
183390 973 1052 
183391 970 1052 
183392 973 1055 
183393 978 1056 
183394 977 1052 
183395 975 1051 
183396 972 1050 
183397 975 1052 
183398 978 1055 
183399 979 1055 
183400 977 1053 
183401 977 1053 
183402 975 1050 
183403 973 1052 
183404 975 1056 
183405 981 1054 
183406 980 1054 
183407 979 1054 
183408 976 1054 
183409 975 1058 
183410 973 1063 
183411 971 1064 
183412 968 1069 
183413 964 1072 
183414 962 1075 
183415 967 1075 
183416 986 1072 
183417 1011 1063 
183418 1037 1048 
183419 1062 1034 
183420 1083 1009 
183421 1103 996 
183422 1122 979 
183423 1147 957 
183424 1176 925 
183425 1201 888 
183426 1227 851 
183427 1253 823 
183428 1278 810 
183429 1295 804 
183430 1302 801 
183431 1306 800 
183432 1301 804 
183433 1295 819 
183434 1280 834 
183435 1251 850 
183436 1210 863 
183437 1175 878 
183438 1142 893 
183439 1113 908 
183440 1084 922 
183441 1050 935 
183442 1006 945 
183443 968 955 
183444 936 961 
183445 908 971 
183446 888 981 
183447 871 987 
183448 859 995 
183449 851 999 
183450 849 1005 
183451 849 1012 
183452 853 1021 
183453 857 1026 
183454 856 1033 
183455 859 1035 
183456 862 1039 
183457 871 1049 
183458 881 1055 
183459 890 1060 
183460 894 1066 
183461 898 1070 
183462 898 1073 
183463 905 1078 
183464 912 1083 
183465 918 1086 
183466 923 1089 
183467 924 1088 
183468 923 1089 
183469 923 1092 
183470 925 1093 
183471 927 1092 
183472 924 1092 
183473 923 1091 
183474 920 1091 
183475 920 1094 
183476 922 1095 
183477 924 1097 
183478 921 1096 
183479 917 1097 
183480 915 1094 
183481 915 1098 
183482 917 1100 
183483 916 1101 
183484 916 1101 
183485 911 1101 
183486 910 1099 
183487 909 1101 
183488 911 1105 
183489 914 1106 
183490 912 1105 
183491 911 1103 
183492 911 1105 
183493 911 1106 
183494 910 1108 
183495 913 1109 
183496 913 1107 
183497 911 1108 
183498 910 1108 
183499 912 1109 
183500 914 1112 
183501 916 1111 
183502 916 1111 
183503 915 1108 
183504 915 1107 
183505 916 1106 
183506 921 1111 
183507 925 1108 
183508 925 1107 
183509 927 1105 
183510 929 1105 
183511 933 1105 
183512 937 1107 
183513 941 1105 
183514 943 1105 
183515 945 1101 
183516 947 1098 
183517 950 1099 
183518 955 1098 
183519 959 1100 
183520 964 1098 
183521 963 1092 
183522 967 1093 
183523 971 1090 
183524 977 1093 
183525 983 1089 
183526 986 1085 
183527 986 1083 
183528 989 1079 
183529 992 1080 
183530 997 1081 
183531 998 1081 
183532 1003 1076 
183533 1003 1072 
183534 1004 1071 
183535 1005 1069 
183536 1006 1072 
183537 1008 1069 
183538 1010 1068 
183539 1010 1061 
183540 1006 1060 
183541 1007 1062 
183542 1010 1063 
183543 1014 1061 
183544 1013 1058 
183545 1011 1055 
183546 1009 1055 
183547 1010 1056 
183548 1009 1053 
183549 1010 1055 
183550 1010 1052 
183551 1007 1051 
183552 1004 1050 
183553 1003 1052 
183554 1005 1053 
183555 1006 1051 
183556 1004 1050 
183557 1001 1048 
183558 999 1050 
183559 997 1051 
183560 999 1051 
183561 1001 1052 
183562 999 1052 
183563 997 1052 
183564 993 1050 
183565 995 1053 
183566 1000 1057 
183567 1001 1056 
183568 1004 1060 
183569 1002 1059 
183570 998 1060 
183571 999 1059 
183572 1000 1063 
183573 1002 1061 
183574 1001 1055 
183575 998 1057 
183576 999 1057 
183577 1001 1056 
183578 1002 1058 
183579 1005 1055 
183580 1006 1056 
183581 1007 1054 
183582 1007 1055 
183583 1006 1056 
183584 1009 1058 
183585 1009 1059 
183586 1011 1059 
183587 1007 1057 
183588 1001 1056 
183589 1001 1058 
183590 1004 1060 
183591 1008 1060 
183592 1006 1057 
183593 1006 1055 
183594 1005 1054 
183595 1006 1055 
183596 1008 1061 
183597 1012 1062 
183598 1007 1062 
183599 1001 1060 
183600 993 1060 
183601 984 1063 
183602 976 1066 
183603 969 1068 
183604 958 1068 
183605 950 1066 
183606 946 1067 
183607 940 1069 
183608 933 1075 
183609 929 1077 
183610 923 1084 
183611 915 1090 
183612 912 1092 
183613 920 1103 
183614 934 1115 
183615 954 1125 
183616 965 1133 
183617 971 1138 
183618 976 1147 
183619 986 1156 
183620 1006 1166 
183621 1032 1170 
183622 1058 1179 
183623 1082 1183 
183624 1102 1193 
183625 1115 1203 
183626 1113 1209 
183627 1087 1214 
183628 1049 1220 
183629 1005 1228 
183630 952 1236 
183631 894 1247 
183632 849 1254 
183633 819 1256 
183634 795 1258 
183635 779 1262 
183636 767 1263 
183637 763 1259 
183638 758 1261 
183639 752 1261 
183640 739 1263 
183641 722 1260 
183642 717 1259 
183643 725 1256 
183644 734 1250 
183645 740 1249 
183646 741 1244 
183647 744 1244 
183648 746 1246 
183649 755 1245 
183650 762 1244 
183651 770 1236 
183652 778 1227 
183653 783 1215 
183654 792 1201 
183655 803 1189 
183656 815 1181 
183657 827 1169 
183658 841 1156 
183659 854 1143 
183660 865 1133 
183661 878 1126 
183662 892 1116 
183663 905 1101 
183664 915 1086 
183665 925 1072 
183666 934 1059 
183667 946 1046 
183668 956 1038 
183669 965 1022 
183670 972 1008 
183671 974 998 
183672 978 988 
183673 984 982 
183674 992 974 
183675 999 974 
183676 1000 971 
183677 1002 965 
183678 1000 964 
183679 1003 963 
183680 1005 962 
183681 1007 958 
183682 1006 959 
183683 1006 952 
183684 1004 949 
183685 1006 950 
183686 1009 949 
183687 1013 948 
183688 1012 945 
183689 1014 940 
183690 1014 936 
183691 1017 938 
183692 1019 936 
183693 1021 935 
183694 1025 932 
183695 1027 927 
183696 1026 925 
183697 1029 926 
183698 1033 925 
183699 1037 923 
183700 1042 921 
183701 1042 919 
183702 1042 914 
183703 1048 914 
183704 1052 913 
183705 1059 914 
183706 1062 911 
183707 1060 906 
183708 1064 906 
183709 1067 907 
183710 1072 907 
183711 1074 906 
183712 1079 904 
183713 1080 902 
183714 1078 900 
183715 1081 899 
183716 1084 902 
183717 1090 901 
183718 1093 900 
183719 1094 900 
183720 1092 898 
183721 1095 899 
183722 1098 901 
183723 1102 902 
183724 1101 902 
183725 1100 902 
183726 1100 902 
183727 1104 905 
183728 1104 907 
183729 1107 911 
183730 1107 908 
183731 1106 909 
183732 1103 909 
183733 1102 914 
183734 1102 918 
183735 1106 919 
183736 1104 922 
183737 1101 920 
183738 1097 923 
183739 1096 927 
183740 1096 933 
183741 1097 936 
183742 1095 937 
183743 1090 938 
183744 1086 937 
183745 1085 944 
183746 1085 949 
183747 1083 950 
183748 1078 953 
183749 1072 954 
183750 1068 956 
183751 1065 961 
183752 1065 964 
183753 1063 970 
183754 1061 971 
183755 1059 970 
183756 1053 974 
183757 1052 978 
183758 1051 982 
183759 1050 985 
183760 1047 986 
183761 1043 990 
183762 1040 988 
183763 1037 992 
183764 1036 999 
183765 1037 1002 
183766 1035 1003 
183767 1032 1003 
183768 1027 1005 
183769 1023 1011 
183770 1025 1012 
183771 1024 1014 
183772 1024 1015 
183773 1022 1015 
183774 1018 1016 
183775 1019 1018 
183776 1017 1020 
183777 1019 1023 
183778 1018 1024 
183779 1015 1022 
183780 1015 1026 
183781 1010 1025 
183782 1010 1031 
183783 1009 1030 
183784 1008 1030 
183785 1006 1030 
183786 1003 1030 
183787 1002 1032 
183788 1001 1034 
183789 1002 1034 
183790 1002 1035 
183791 1001 1035 
183792 997 1035 
183793 998 1037 
183794 998 1041 
183795 999 1041 
183796 998 1037 
183797 996 1036 
183798 996 1037 
183799 993 1038 
183800 995 1041 
183801 995 1043 
183802 995 1042 
183803 991 1039 
183804 990 1038 
183805 989 1040 
183806 991 1042 
183807 993 1044 
183808 995 1043 
183809 994 1042 
183810 990 1041 
183811 991 1043 
183812 994 1047 
183813 996 1045 
183814 998 1044 
183815 994 1043 
183816 995 1044 
183817 995 1048 
183818 1000 1052 
183819 1004 1054 
183820 1003 1054 
183821 1002 1053 
183822 998 1051 
183823 999 1052 
183824 1002 1054 
183825 1004 1051 
183826 1005 1051 
183827 1005 1048 
183828 1003 1046 
183829 1006 1047 
183830 1010 1048 
183831 1017 1049 
183832 1018 1047 
183833 1017 1046 
183834 1016 1046 
183835 1016 1049 
183836 1019 1052 
183837 1018 1051 
183838 1018 1052 
183839 1015 1050 
183840 1012 1048 
183841 1015 1048 
183842 1016 1049 
183843 1021 1049 
183844 1019 1050 
183845 1018 1047 
183846 1014 1046 
183847 1015 1048 
183848 1016 1051 
183849 1012 1051 
183850 1008 1052 
183851 1001 1049 
183852 990 1051 
183853 988 1052 
183854 985 1055 
183855 983 1057 
183856 978 1055 
183857 972 1057 
183858 968 1056 
183859 967 1055 
183860 970 1056 
183861 969 1057 
183862 970 1056 
183863 966 1053 
183864 964 1052 
183865 966 1054 
183866 965 1056 
183867 967 1056 
183868 969 1057 
183869 967 1051 
183870 965 1052 
183871 963 1053 
183872 969 1060 
183873 969 1055 
183874 969 1056 
183875 967 1054 
183876 963 1051 
183877 966 1054 
183878 967 1055 
183879 970 1054 
183880 970 1054 
183881 971 1053 
183882 970 1052 
183883 970 1053 
183884 972 1054 
183885 975 1054 
183886 975 1056 
183887 975 1051 
183888 972 1053 
183889 971 1053 
183890 972 1055 
183891 976 1055 
183892 976 1054 
183893 972 1053 
183894 971 1052 
183895 971 1054 
183896 973 1054 
183897 974 1055 
183898 974 1053 
183899 974 1051 
183900 973 1052 
183901 972 1054 
183902 975 1054 
183903 976 1055 
183904 979 1055 
183905 976 1052 
183906 974 1054 
183907 973 1062 
183908 970 1066 
183909 968 1067 
183910 966 1071 
183911 962 1073 
183912 960 1073 
183913 969 1074 
183914 988 1069 
183915 1013 1061 
183916 1039 1048 
183917 1067 1029 
183918 1088 1009 
183919 1107 995 
183920 1129 980 
183921 1155 957 
183922 1183 924 
183923 1215 887 
183924 1244 850 
183925 1271 823 
183926 1298 810 
183927 1316 804 
183928 1322 807 
183929 1324 804 
183930 1317 812 
183931 1310 826 
183932 1288 841 
183933 1255 855 
183934 1212 869 
183935 1176 884 
183936 1144 897 
183937 1115 910 
183938 1087 923 
183939 1048 933 
183940 1007 946 
183941 968 954 
183942 934 962 
183943 904 973 
183944 883 984 
183945 865 991 
183946 850 999 
183947 841 1002 
183948 839 1007 
183949 842 1014 
183950 845 1021 
183951 849 1028 
183952 848 1035 
183953 852 1039 
183954 858 1044 
183955 868 1056 
183956 877 1062 
183957 887 1067 
183958 891 1071 
183959 894 1075 
183960 895 1078 
183961 900 1081 
183962 905 1087 
183963 912 1088 
183964 915 1092 
183965 912 1090 
183966 913 1089 
183967 914 1093 
183968 915 1095 
183969 918 1096 
183970 916 1093 
183971 915 1091 
183972 913 1093 
183973 914 1093 
183974 915 1095 
183975 914 1098 
183976 912 1098 
183977 911 1096 
183978 907 1097 
183979 906 1099 
183980 907 1098 
183981 909 1101 
183982 908 1100 
183983 904 1100 
183984 904 1101 
183985 904 1101 
183986 907 1106 
183987 909 1108 
183988 907 1106 
183989 905 1104 
183990 904 1105 
183991 904 1106 
183992 905 1110 
183993 906 1111 
183994 908 1109 
183995 902 1109 
183996 903 1107 
183997 903 1111 
183998 905 1110 
183999 908 1111 
184000 907 1110 
184001 907 1108 
184002 906 1108 
184003 908 1110 
184004 909 1113 
184005 916 1110 
184006 917 1110 
184007 917 1110 
184008 919 1107 
184009 922 1108 
184010 925 1109 
184011 927 1108 
184012 931 1104 
184013 934 1104 
184014 934 1103 
184015 935 1103 
184016 944 1104 
184017 948 1104 
184018 950 1102 
184019 950 1098 
184020 956 1098 
184021 960 1098 
184022 963 1098 
184023 970 1095 
184024 972 1095 
184025 973 1091 
184026 974 1087 
184027 977 1089 
184028 981 1089 
184029 986 1086 
184030 988 1085 
184031 989 1081 
184032 987 1082 
184033 990 1080 
184034 992 1079 
184035 998 1078 
184036 997 1075 
184037 1000 1072 
184038 998 1068 
184039 1000 1070 
184040 1004 1072 
184041 1004 1068 
184042 1004 1067 
184043 1005 1061 
184044 1006 1060 
184045 1005 1060 
184046 1006 1063 
184047 1011 1060 
184048 1008 1059 
184049 1007 1055 
184050 1006 1052 
184051 1005 1055 
184052 1006 1058 
184053 1007 1056 
184054 1007 1055 
184055 1006 1053 
184056 1003 1052 
184057 1003 1053 
184058 1004 1055 
184059 1004 1053 
184060 1001 1052 
184061 1001 1052 
184062 1000 1053 
184063 1000 1052 
184064 998 1053 
184065 999 1055 
184066 1001 1056 
184067 999 1055 
184068 998 1056 
184069 998 1057 
184070 1000 1059 
184071 1002 1060 
184072 1001 1060 
184073 996 1057 
184074 993 1055 
184075 994 1057 
184076 995 1058 
184077 997 1055 
184078 996 1055 
184079 997 1055 
184080 998 1054 
184081 1000 1055 
184082 1001 1060 
184083 1003 1058 
184084 1002 1057 
184085 1001 1055 
184086 1000 1053 
184087 998 1055 
184088 999 1059 
184089 1000 1059 
184090 1000 1061 
184091 997 1059 
184092 996 1058 
184093 994 1056 
184094 998 1057 
184095 1001 1059 
184096 1002 1058 
184097 999 1057 
184098 998 1055 
184099 995 1057 
184100 992 1061 
184101 992 1061 
184102 984 1059 
184103 978 1058 
184104 971 1055 
184105 967 1060 
184106 965 1060 
184107 963 1063 
184108 958 1061 
184109 953 1061 
184110 951 1059 
184111 948 1062 
184112 954 1064 
184113 954 1062 
184114 954 1060 
184115 951 1058 
184116 950 1055 
184117 950 1056 
184118 951 1060 
184119 953 1062 
184120 953 1058 
184121 954 1057 
184122 952 1057 
184123 952 1057 
184124 954 1060 
184125 956 1059 
184126 956 1058 
184127 954 1056 
184128 956 1053 
184129 955 1056 
184130 960 1056 
184131 959 1058 
184132 961 1057 
184133 958 1053 
184134 956 1053 
184135 958 1055 
184136 961 1055 
184137 964 1057 
184138 963 1056 
184139 963 1053 
184140 962 1053 
184141 962 1054 
184142 963 1057 
184143 966 1055 
184144 965 1056 
184145 963 1054 
184146 960 1053 
184147 962 1053 
184148 964 1055 
184149 967 1057 
184150 967 1055 
184151 967 1054 
184152 965 1052 
184153 966 1052 
184154 967 1055 
184155 967 1056 
184156 967 1055 
184157 967 1054 
184158 963 1053 
184159 967 1058 
184160 967 1064 
184161 967 1064 
184162 964 1069 
184163 958 1070 
184164 956 1073 
184165 956 1076 
184166 966 1080 
184167 981 1076 
184168 1005 1065 
184169 1035 1054 
184170 1061 1037 
184171 1087 1021 
184172 1109 1004 
184173 1125 990 
184174 1141 975 
184175 1163 947 
184176 1187 917 
184177 1211 887 
184178 1238 861 
184179 1265 837 
184180 1282 821 
184181 1290 815 
184182 1293 813 
184183 1289 817 
184184 1284 825 
184185 1279 833 
184186 1264 844 
184187 1238 855 
184188 1201 871 
184189 1168 884 
184190 1140 899 
184191 1116 911 
184192 1089 923 
184193 1059 933 
184194 1022 941 
184195 982 954 
184196 949 966 
184197 926 974 
184198 899 979 
184199 875 985 
184200 857 991 
184201 845 1001 
184202 841 1008 
184203 843 1016 
184204 844 1019 
184205 846 1021 
184206 846 1026 
184207 848 1032 
184208 852 1039 
184209 860 1044 
184210 866 1053 
184211 874 1055 
184212 878 1058 
184213 882 1064 
184214 891 1071 
184215 895 1075 
184216 892 1076 
184217 895 1074 
184218 901 1079 
184219 908 1081 
184220 915 1088 
184221 918 1087 
184222 917 1087 
184223 918 1086 
184224 918 1086 
184225 918 1087 
184226 918 1089 
184227 919 1088 
184228 920 1088 
184229 918 1088 
184230 916 1086 
184231 915 1090 
184232 918 1091 
184233 920 1093 
184234 916 1092 
184235 914 1090 
184236 912 1091 
184237 911 1091 
184238 913 1095 
184239 914 1095 
184240 916 1092 
184241 913 1091 
184242 910 1093 
184243 912 1093 
184244 913 1097 
184245 915 1099 
184246 913 1098 
184247 912 1095 
184248 912 1096 
184249 910 1098 
184250 914 1100 
184251 915 1101 
184252 915 1100 
184253 912 1101 
184254 909 1098 
184255 911 1102 
184256 915 1104 
184257 917 1104 
184258 914 1102 
184259 918 1101 
184260 916 1101 
184261 918 1102 
184262 921 1102 
184263 926 1105 
184264 925 1103 
184265 928 1099 
184266 928 1098 
184267 931 1097 
184268 933 1101 
184269 940 1098 
184270 943 1098 
184271 944 1094 
184272 943 1093 
184273 946 1094 
184274 949 1094 
184275 956 1095 
184276 957 1092 
184277 959 1090 
184278 961 1086 
184279 965 1089 
184280 968 1090 
184281 973 1089 
184282 975 1087 
184283 976 1084 
184284 979 1080 
184285 980 1080 
184286 984 1083 
184287 990 1083 
184288 992 1079 
184289 992 1078 
184290 991 1074 
184291 992 1073 
184292 996 1075 
184293 1001 1073 
184294 999 1069 
184295 999 1066 
184296 999 1065 
184297 1000 1065 
184298 1002 1065 
184299 1007 1066 
184300 1006 1064 
184301 1005 1061 
184302 1005 1057 
184303 1005 1058 
184304 1005 1060 
184305 1006 1058 
184306 1006 1057 
184307 1006 1054 
184308 1003 1054 
184309 1001 1053 
184310 1005 1055 
184311 1005 1054 
184312 1004 1053 
184313 1002 1051 
184314 1000 1050 
184315 997 1048 
184316 1002 1052 
184317 1003 1052 
184318 1003 1051 
184319 1000 1048 
184320 997 1047 
184321 996 1050 
184322 995 1052 
184323 997 1051 
184324 993 1051 
184325 992 1049 
184326 992 1050 
184327 989 1050 
184328 989 1053 
184329 990 1053 
184330 991 1052 
184331 988 1051 
184332 985 1051 
184333 986 1053 
184334 989 1056 
184335 993 1059 
184336 993 1055 
184337 992 1056 
184338 992 1056 
184339 994 1058 
184340 995 1061 
184341 999 1059 
184342 998 1057 
184343 998 1056 
184344 996 1053 
184345 998 1056 
184346 999 1055 
184347 1002 1055 
184348 1002 1055 
184349 1006 1052 
184350 1005 1051 
184351 1006 1053 
184352 1010 1054 
184353 1015 1053 
184354 1013 1053 
184355 1013 1051 
184356 1014 1050 
184357 1013 1051 
184358 1012 1052 
184359 1015 1056 
184360 1012 1054 
184361 1012 1054 
184362 1010 1050 
184363 1010 1050 
184364 1012 1052 
184365 1016 1052 
184366 1014 1051 
184367 1012 1048 
184368 1010 1048 
184369 1011 1049 
184370 1011 1056 
184371 1009 1052 
184372 1004 1053 
184373 995 1051 
184374 989 1051 
184375 984 1053 
184376 983 1054 
184377 982 1054 
184378 979 1054 
184379 975 1053 
184380 969 1054 
184381 968 1055 
184382 969 1056 
184383 969 1056 
184384 967 1057 
184385 965 1053 
184386 964 1050 
184387 965 1054 
184388 966 1054 
184389 967 1057 
184390 968 1055 
184391 968 1052 
184392 967 1051 
184393 964 1052 
184394 969 1055 
184395 973 1056 
184396 973 1054 
184397 972 1050 
184398 970 1052 
184399 969 1053 
184400 973 1052 
184401 975 1051 
184402 976 1053 
184403 973 1050 
184404 973 1049 
184405 971 1049 
184406 972 1053 
184407 974 1053 
184408 972 1053 
184409 973 1047 
184410 970 1049 
184411 970 1051 
184412 972 1053 
184413 975 1053 
184414 973 1053 
184415 972 1051 
184416 970 1048 
184417 971 1049 
184418 974 1053 
184419 975 1053 
184420 976 1050 
184421 975 1048 
184422 975 1047 
184423 973 1049 
184424 973 1052 
184425 978 1052 
184426 978 1050 
184427 978 1048 
184428 977 1046 
184429 977 1050 
184430 980 1051 
184431 982 1052 
184432 979 1054 
184433 977 1053 
184434 975 1056 
184435 972 1060 
184436 970 1066 
184437 968 1070 
184438 970 1073 
184439 974 1070 
184440 979 1070 
184441 997 1063 
184442 1020 1058 
184443 1045 1049 
184444 1067 1035 
184445 1086 1015 
184446 1104 997 
184447 1116 984 
184448 1134 973 
184449 1159 949 
184450 1181 921 
184451 1209 889 
184452 1231 856 
184453 1248 834 
184454 1271 820 
184455 1288 813 
184456 1292 809 
184457 1291 808 
184458 1287 812 
184459 1280 822 
184460 1271 837 
184461 1252 848 
184462 1218 859 
184463 1189 873 
184464 1163 885 
184465 1137 895 
184466 1118 911 
184467 1096 920 
184468 1066 932 
184469 1030 940 
184470 995 947 
184471 965 954 
184472 943 967 
184473 923 973 
184474 901 980 
184475 882 984 
184476 870 990 
184477 860 997 
184478 861 1005 
184479 858 1009 
184480 859 1014 
184481 860 1017 
184482 860 1019 
184483 860 1028 
184484 864 1033 
184485 868 1041 
184486 874 1046 
184487 882 1049 
184488 886 1055 
184489 892 1061 
184490 900 1070 
184491 905 1071 
184492 908 1077 
184493 909 1076 
184494 914 1079 
184495 918 1083 
184496 925 1087 
184497 929 1087 
184498 929 1088 
184499 929 1088 
184500 928 1087 
184501 930 1086 
184502 930 1091 
184503 932 1090 
184504 930 1090 
184505 929 1087 
184506 929 1086 
184507 928 1088 
184508 931 1089 
184509 931 1090 
184510 927 1090 
184511 927 1090 
184512 924 1088 
184513 924 1091 
184514 925 1093 
184515 928 1097 
184516 927 1092 
184517 924 1093 
184518 927 1093 
184519 923 1095 
184520 923 1098 
184521 927 1100 
184522 923 1098 
184523 922 1097 
184524 920 1097 
184525 917 1099 
184526 920 1101 
184527 923 1103 
184528 922 1102 
184529 920 1101 
184530 919 1102 
184531 920 1102 
184532 921 1105 
184533 924 1104 
184534 924 1104 
184535 924 1101 
184536 923 1101 
184537 924 1103 
184538 928 1106 
184539 932 1105 
184540 932 1106 
184541 935 1104 
184542 934 1102 
184543 933 1101 
184544 937 1105 
184545 944 1102 
184546 946 1102 
184547 948 1099 
184548 951 1093 
184549 952 1095 
184550 956 1096 
184551 961 1098 
184552 962 1096 
184553 966 1093 
184554 966 1090 
184555 968 1090 
184556 972 1094 
184557 978 1090 
184558 982 1089 
184559 980 1085 
184560 980 1081 
184561 985 1082 
184562 988 1082 
184563 994 1081 
184564 995 1079 
184565 996 1075 
184566 998 1072 
184567 1000 1071 
184568 1004 1072 
184569 1007 1071 
184570 1008 1069 
184571 1011 1067 
184572 1010 1064 
184573 1013 1062 
184574 1015 1066 
184575 1019 1062 
184576 1019 1059 
184577 1019 1056 
184578 1018 1052 
184579 1019 1055 
184580 1021 1055 
184581 1026 1051 
184582 1024 1051 
184583 1023 1049 
184584 1021 1048 
184585 1022 1047 
184586 1024 1048 
184587 1025 1049 
184588 1022 1046 
184589 1022 1045 
184590 1020 1044 
184591 1018 1044 
184592 1020 1048 
184593 1021 1047 
184594 1019 1048 
184595 1014 1043 
184596 1011 1043 
184597 1010 1042 
184598 1010 1043 
184599 1011 1045 
184600 1010 1044 
184601 1009 1045 
184602 1007 1043 
184603 1006 1044 
184604 1009 1047 
184605 1009 1049 
184606 1010 1049 
184607 1009 1047 
184608 1009 1048 
184609 1010 1051 
184610 1010 1053 
184611 1010 1054 
184612 1011 1053 
184613 1010 1052 
184614 1010 1046 
184615 1010 1048 
184616 1013 1051 
184617 1018 1050 
184618 1016 1049 
184619 1019 1047 
184620 1018 1046 
184621 1021 1048 
184622 1022 1049 
184623 1024 1050 
184624 1025 1052 
184625 1021 1049 
184626 1016 1049 
184627 1018 1053 
184628 1019 1054 
184629 1021 1055 
184630 1019 1050 
184631 1019 1048 
184632 1018 1046 
184633 1016 1047 
184634 1018 1051 
184635 1021 1051 
184636 1019 1052 
184637 1013 1050 
184638 1010 1048 
184639 1003 1049 
184640 998 1053 
184641 994 1053 
184642 991 1052 
184643 983 1049 
184644 980 1049 
184645 975 1050 
184646 973 1051 
184647 977 1053 
184648 973 1051 
184649 974 1051 
184650 971 1051 
184651 971 1050 
184652 973 1052 
184653 972 1052 
184654 974 1051 
184655 972 1050 
184656 972 1048 
184657 973 1048 
184658 972 1049 
184659 976 1051 
184660 974 1049 
184661 975 1047 
184662 973 1045 
184663 973 1046 
184664 975 1048 
184665 978 1048 
184666 977 1045 
184667 976 1046 
184668 976 1043 
184669 972 1047 
184670 972 1047 
184671 979 1048 
184672 976 1047 
184673 977 1044 
184674 972 1043 
184675 975 1043 
184676 977 1045 
184677 979 1047 
184678 979 1046 
184679 977 1043 
184680 975 1043 
184681 976 1043 
184682 978 1047 
184683 980 1046 
184684 981 1045 
184685 979 1043 
184686 979 1043 
184687 978 1044 
184688 980 1047 
184689 984 1046 
184690 983 1044 
184691 981 1042 
184692 981 1042 
184693 981 1046 
184694 982 1046 
184695 985 1046 
184696 987 1048 
184697 984 1044 
184698 983 1046 
184699 981 1047 
184700 983 1054 
184701 979 1056 
184702 974 1062 
184703 970 1063 
184704 966 1063 
184705 971 1067 
184706 981 1068 
184707 1001 1064 
184708 1023 1052 
184709 1044 1040 
184710 1065 1025 
184711 1086 1009 
184712 1106 994 
184713 1121 982 
184714 1137 961 
184715 1160 935 
184716 1188 903 
184717 1214 869 
184718 1241 842 
184719 1266 819 
184720 1283 806 
184721 1294 799 
184722 1299 798 
184723 1299 803 
184724 1298 811 
184725 1291 821 
184726 1274 832 
184727 1243 844 
184728 1207 858 
184729 1177 876 
184730 1154 889 
184731 1130 900 
184732 1100 914 
184733 1068 920 
184734 1031 929 
184735 998 942 
184736 966 955 
184737 945 962 
184738 921 967 
184739 899 971 
184740 881 977 
184741 868 986 
184742 862 994 
184743 861 999 
184744 859 1002 
184745 856 1004 
184746 856 1007 
184747 857 1015 
184748 861 1021 
184749 862 1027 
184750 864 1033 
184751 869 1036 
184752 877 1041 
184753 883 1046 
184754 892 1056 
184755 898 1059 
184756 901 1064 
184757 903 1066 
184758 908 1068 
184759 911 1073 
184760 918 1078 
184761 923 1081 
184762 927 1082 
184763 927 1080 
184764 928 1080 
184765 928 1081 
184766 929 1085 
184767 931 1083 
184768 934 1084 
184769 931 1081 
184770 928 1082 
184771 928 1083 
184772 929 1086 
184773 931 1087 
184774 931 1086 
184775 930 1084 
184776 928 1084 
184777 924 1086 
184778 928 1090 
184779 928 1088 
184780 927 1088 
184781 925 1086 
184782 920 1087 
184783 921 1090 
184784 920 1093 
184785 922 1094 
184786 923 1093 
184787 920 1092 
184788 917 1092 
184789 915 1093 
184790 916 1098 
184791 919 1099 
184792 919 1096 
184793 917 1096 
184794 915 1096 
184795 914 1095 
184796 919 1100 
184797 920 1100 
184798 919 1100 
184799 918 1098 
184800 917 1096 
184801 919 1096 
184802 922 1101 
184803 924 1100 
184804 926 1101 
184805 926 1097 
184806 927 1096 
184807 929 1098 
184808 931 1099 
184809 938 1097 
184810 938 1096 
184811 939 1094 
184812 941 1094 
184813 943 1095 
184814 950 1095 
184815 952 1096 
184816 953 1094 
184817 957 1093 
184818 956 1091 
184819 960 1090 
184820 965 1092 
184821 968 1091 
184822 973 1089 
184823 974 1085 
184824 974 1084 
184825 977 1083 
184826 982 1082 
184827 987 1084 
184828 989 1081 
184829 990 1077 
184830 992 1075 
184831 993 1076 
184832 998 1077 
184833 1004 1071 
184834 1005 1071 
184835 1005 1066 
184836 1006 1065 
184837 1007 1065 
184838 1013 1066 
184839 1015 1064 
184840 1018 1061 
184841 1019 1060 
184842 1018 1058 
184843 1016 1056 
184844 1021 1057 
184845 1023 1054 
184846 1022 1052 
184847 1023 1052 
184848 1021 1048 
184849 1019 1048 
184850 1021 1049 
184851 1026 1048 
184852 1025 1049 
184853 1020 1043 
184854 1019 1045 
184855 1020 1044 
184856 1020 1046 
184857 1020 1044 
184858 1018 1045 
184859 1015 1043 
184860 1014 1040 
184861 1011 1044 
184862 1009 1045 
184863 1010 1046 
184864 1010 1045 
184865 1007 1043 
184866 1006 1043 
184867 1006 1045 
184868 1004 1046 
184869 1005 1048 
184870 1002 1047 
184871 1004 1045 
184872 1004 1046 
184873 1003 1048 
184874 1008 1052 
184875 1011 1051 
184876 1010 1054 
184877 1010 1052 
184878 1009 1052 
184879 1008 1053 
184880 1009 1054 
184881 1010 1053 
184882 1011 1054 
184883 1013 1049 
184884 1015 1049 
184885 1013 1048 
184886 1018 1048 
184887 1022 1051 
184888 1022 1050 
184889 1021 1046 
184890 1021 1047 
184891 1021 1047 
184892 1021 1052 
184893 1024 1048 
184894 1021 1051 
184895 1017 1047 
184896 1017 1048 
184897 1016 1048 
184898 1017 1050 
184899 1020 1050 
184900 1021 1049 
184901 1021 1046 
184902 1018 1047 
184903 1018 1048 
184904 1017 1051 
184905 1017 1050 
184906 1012 1049 
184907 1005 1047 
184908 997 1047 
184909 991 1048 
184910 989 1051 
184911 987 1051 
184912 982 1052 
184913 980 1048 
184914 977 1048 
184915 972 1050 
184916 975 1052 
184917 979 1053 
184918 978 1052 
184919 975 1049 
184920 974 1047 
184921 973 1047 
184922 977 1050 
184923 980 1051 
184924 976 1050 
184925 976 1047 
184926 973 1048 
184927 974 1048 
184928 976 1050 
184929 978 1048 
184930 976 1049 
184931 976 1045 
184932 973 1044 
184933 973 1044 
184934 977 1047 
184935 979 1048 
184936 977 1047 
184937 974 1045 
184938 975 1042 
184939 973 1045 
184940 975 1047 
184941 979 1048 
184942 976 1049 
184943 975 1045 
184944 975 1045 
184945 975 1045 
184946 978 1049 
184947 978 1048 
184948 980 1047 
184949 977 1044 
184950 976 1042 
184951 978 1045 
184952 979 1050 
184953 982 1047 
184954 982 1046 
184955 982 1045 
184956 981 1042 
184957 982 1046 
184958 984 1046 
184959 988 1048 
184960 988 1046 
184961 986 1046 
184962 984 1043 
184963 985 1050 
184964 986 1053 
184965 985 1056 
184966 978 1058 
184967 973 1062 
184968 970 1064 
184969 969 1068 
184970 976 1071 
184971 990 1064 
184972 1014 1057 
184973 1039 1040 
184974 1066 1026 
184975 1090 1008 
184976 1111 991 
184977 1128 977 
184978 1150 955 
184979 1178 922 
184980 1204 886 
184981 1231 854 
184982 1258 830 
184983 1282 811 
184984 1298 804 
184985 1307 800 
184986 1308 799 
184987 1307 806 
184988 1306 812 
184989 1300 821 
184990 1278 833 
184991 1246 844 
184992 1208 859 
184993 1176 875 
184994 1150 890 
184995 1127 900 
184996 1101 912 
184997 1071 919 
184998 1037 926 
184999 1000 943 
185000 969 953 
