-0.935900644704704 0.589986795204849 -0.463635029818672 0.809548879318528 

-0.440336370225467 0.104173973132987 0.409681684864639 -0.0735192877721581 

-0.13220822736694 0.131120483053062 -0.0391351486840057 0.040222892997884 

-0.243757589085668 0.37660427507162 0.206348643334552 -0.339195329320503 

-0.578798208059476 0.315327617946362 0.145071986209294 0.11839860390382 

-0.0864485981308418 0.0350467289719623 0.0257009345794398 0.0257009345794398 

-0.0688854489164087 0.123065015479876 0.107585139318886 -0.161764705882353 

0.285377358490565 -0.290094339622641 -0.422169811320755 0.42688679245283 

0.144736842105258 -0.381578947368419 -0.381578947368419 0.618421052631581 

-0.0679271708683474 0.276610644257703 0.0161064425770311 -0.224789915966387 

